1762058566695 0.7251408695778577 0
1762058603441 2.418264154183904 1
1762058640097 0.690363914784403 2
1762058676909 0.666056655174078 3
1762058713500 0.6417756023993128 4
1762058750045 0.6189838357542045 5
1762058786533 0.6010507062424061 6
1762058823305 0.5870874390649637 7
1762058860647 0.5766396228657212 8
1762058897679 0.5695554252874812 9
1762058934499 0.5636386368757863 10
1762058971557 0.5604761070191266 11
1762059008630 0.557519055482161 12
1762059045313 0.5552431718455597 13
1762059081851 0.5538435631416169 14
1762059118314 0.5518732566770129 15
1762059154626 0.550562016195633 16
1762059190964 0.5483033490339387 17
1762059227820 0.5468272116097105 18
1762059264817 0.5448791267467892 19
1762059301505 0.5444592667576482 20
1762059338523 0.5437756954633516 21
1762059375197 0.5423331661081789 22
1762059411672 0.5412019178320799 23
1762059448137 0.5408008745738438 24
1762059484498 0.5408228555787046 25
1762059520891 0.5401851907124947 26
1762059557349 0.5394806370782693 27
1762059597510 0.5386662649949919 28
1762059633969 0.538165637900267 29
1762059670171 0.5383020845362514 30
1762059706557 0.5380309500963585 31
1762059742797 0.5379683515162167 32
1762059778762 0.5377003948157808 33
1762059814705 0.5374176461039192 34
1762059850619 0.5370663427039238 35
1762059886422 0.5371673045760373 36
1762059922343 0.5363932038858483 37
1762059958634 0.5370311529929456 38
1762059994800 0.5365590647605567 39
1762060030863 0.5364025159927698 40
1762060067364 0.5366310838845085 41
1762060103529 0.5365159117106187 42
1762060139606 0.5363975394207774 43
1762060175715 0.5359881248188969 44
1762060211978 0.5360934083247898 45
1762060248041 0.5363943709487535 46
1762060284273 0.5357077122526708 47
1762060320358 0.5365500111516528 48
1762060356493 0.536389823965852 49
1762060392590 0.5356528710091233 50
1762060428914 0.5355605948010949 51
1762060465091 0.535792612831458 52
1762060501128 0.535074429773413 53
1762060537174 0.5344603690990182 54
1762060573242 0.5349254412508486 55
1762060609228 0.5340433045875195 56
1762060645367 0.5336244566496029 57
1762060681619 0.5336744445502956 58
1762060717779 0.5335220812167044 59
1762060754021 0.5333454372478877 60
1762060790639 0.5323965599766601 61
1762060827039 0.5323683300683665 62
1762060863215 0.5327823012770212 63
1762060899278 0.5317917906168688 64
1762060935311 0.5318934014865331 65
1762060971292 0.5308024168014527 66
1762061007453 0.5313139027139278 67
1762061043727 0.5312274457212303 68
1762061079957 0.5308138334473899 69
1762061116145 0.53037712752225 70
1762061152611 0.530447830116234 71
1762061188845 0.5303040419702117 72
1762061224860 0.5302779019869047 73
1762061260899 0.5288569593350356 74
1762061297001 0.5293778523258197 75
1762061333170 0.5291604979093685 76
1762061369426 0.528881813798632 77
1762061405632 0.5283438163738314 78
1762061441766 0.5281896750198251 79
1762061477881 0.5284069788812403 80
1762061514147 0.5283714208095969 81
1762061550236 0.5280350397195531 82
1762061586230 0.527886284585807 83
1762061622285 0.5276457096255103 84
1762061658331 0.5271280665730321 85
1762061694259 0.527197998979955 86
1762061730394 0.5267469283750287 87
1762061766481 0.5271273835156843 88
1762061802620 0.5263039982002042 89
1762061838691 0.5261855976922172 90
1762061875120 0.5260235032369924 91
1762061911587 0.5266936826547515 92
1762061947895 0.5261463360929014 93
1762061984153 0.5261152371615666 94
1762062020188 0.5258846282166896 95
1762062056137 0.5254948481768865 96
1762062092325 0.5254993592385834 97
1762062128678 0.5252622649123107 98
1762062165054 0.5255930245912749 99
