1762058566699 2260088.9292784175 0
1762058603445 85403.01923511749 1
1762058640100 18.130844607305686 2
1762058676914 2.193149860039898 3
1762058713505 1.0512031336559409 4
1762058750049 1.1563931445346718 5
1762058786537 1.2937312940426444 6
1762058823308 1.4448095894335116 7
1762058860651 1.5970984837541549 8
1762058897683 1.7443447282544007 9
1762058934502 1.8576866218814025 10
1762058971561 1.928418236159011 11
1762059008635 1.9806009153194999 12
1762059045317 2.005655790563438 13
1762059081855 2.009891577970942 14
1762059118318 2.0060915047148136 15
1762059154630 2.003048082839611 16
1762059190969 1.998706716873321 17
1762059227824 1.9923885115753377 18
1762059264820 1.9797835638356762 19
1762059301509 1.9556859323748719 20
1762059338528 1.929913237245376 21
1762059375201 1.9035077923556103 22
1762059411675 1.8859338853842396 23
1762059448140 1.8710858436913982 24
1762059484502 1.8608406394027 25
1762059520895 1.844587006204548 26
1762059557353 1.8174613199360743 27
1762059597514 1.802227878491348 28
1762059633972 1.7792043271650904 29
1762059670175 1.7789261492383837 30
1762059706561 1.7490525507055643 31
1762059742802 1.736912222399664 32
1762059778766 1.7219525357813534 33
1762059814709 1.710220929871366 34
1762059850623 1.6974488066676447 35
1762059886426 1.6830098670186395 36
1762059922348 1.6646495156905976 37
1762059958637 1.6499310137029501 38
1762059994804 1.6424809574684827 39
1762060030867 1.629189212536099 40
1762060067367 1.623219495912723 41
1762060103533 1.60705526184006 42
1762060139610 1.58407038422518 43
1762060175719 1.5724512214280442 44
1762060211982 1.567421187277252 45
1762060248044 1.5577639479969823 46
1762060284277 1.548037760123066 47
1762060320361 1.5373161708793768 48
1762060356498 1.536741611886262 49
1762060392593 1.5321752133163502 50
1762060428918 1.5176053301440522 51
1762060465095 1.5170270065928615 52
1762060501132 1.5168914425808726 53
1762060537178 1.52630758927114 54
1762060573246 1.5224406695445114 55
1762060609231 1.5134716487802145 56
1762060645371 1.5212871366165008 57
1762060681623 1.5261056550713472 58
1762060717783 1.522833049336937 59
1762060754025 1.5262544479877054 60
1762060790643 1.5222865874585123 61
1762060827044 1.5299346606200717 62
1762060863219 1.532029073499762 63
1762060899282 1.526192111905627 64
1762060935314 1.5345757847212478 65
1762060971296 1.5397017482111224 66
1762061007457 1.5368877299996309 67
1762061043731 1.5431355396378477 68
1762061079961 1.5365975215981569 69
1762061116149 1.5372374072027364 70
1762061152615 1.5375545604680463 71
1762061188849 1.532612950698878 72
1762061224864 1.5459526568948232 73
1762061260903 1.5411690492566639 74
1762061297005 1.5369747637118216 75
1762061333174 1.5417547175258497 76
1762061369430 1.538948780199222 77
1762061405636 1.53971492238219 78
1762061441770 1.5437889603681343 79
1762061477885 1.542926252640759 80
1762061514151 1.5467571363100578 81
1762061550240 1.543779452615402 82
1762061586234 1.5466180921789023 83
1762061622289 1.550532312963492 84
1762061658335 1.5439122687938602 85
1762061694263 1.5499506822060114 86
1762061730398 1.5506277733862994 87
1762061766485 1.548874416383002 88
1762061802623 1.5473038960136845 89
1762061838695 1.5452103800155792 90
1762061875123 1.5427464112094866 91
1762061911591 1.5554542709426626 92
1762061947899 1.5556667415010572 93
1762061984157 1.5569498174610328 94
1762062020192 1.5549876238420557 95
1762062056140 1.5461055791259208 96
1762062092329 1.5494092295732214 97
1762062128682 1.5510265907179874 98
1762062165058 1.5509166311980085 99
