1762058566701 1.0000000000000002e-06 0
1762058603447 2.9800000000000003e-06 1
1762058640102 4.960000000000001e-06 2
1762058676915 6.940000000000001e-06 3
1762058713506 8.920000000000001e-06 4
1762058750051 1.0900000000000002e-05 5
1762058786539 1.2880000000000004e-05 6
1762058823310 1.4860000000000003e-05 7
1762058860653 1.6840000000000005e-05 8
1762058897685 1.8820000000000006e-05 9
1762058934504 2.0800000000000008e-05 10
1762058971563 2.2780000000000006e-05 11
1762059008636 2.4760000000000007e-05 12
1762059045319 2.6740000000000008e-05 13
1762059081857 2.872000000000001e-05 14
1762059118320 3.0700000000000014e-05 15
1762059154631 3.268000000000001e-05 16
1762059190971 3.466000000000001e-05 17
1762059227826 3.664000000000001e-05 18
1762059264822 3.862000000000001e-05 19
1762059301511 4.060000000000001e-05 20
1762059338529 4.258000000000001e-05 21
1762059375203 4.456000000000001e-05 22
1762059411677 4.6540000000000005e-05 23
1762059448142 4.852e-05 24
1762059484503 5.050000000000001e-05 25
1762059520897 5.248000000000001e-05 26
1762059557354 5.446000000000002e-05 27
1762059597516 5.6440000000000015e-05 28
1762059633974 5.842000000000001e-05 29
1762059670177 6.040000000000001e-05 30
1762059706563 6.238000000000001e-05 31
1762059742803 6.436e-05 32
1762059778767 6.634e-05 33
1762059814710 6.832000000000001e-05 34
1762059850625 7.03e-05 35
1762059886428 7.228e-05 36
1762059922349 7.426000000000001e-05 37
1762059958639 7.624e-05 38
1762059994806 7.822e-05 39
1762060030869 8.020000000000001e-05 40
1762060067369 8.218e-05 41
1762060103535 8.416e-05 42
1762060139612 8.613999999999999e-05 43
1762060175721 8.811999999999998e-05 44
1762060211983 9.009999999999997e-05 45
1762060248046 9.207999999999996e-05 46
1762060284278 9.405999999999995e-05 47
1762060320363 9.603999999999995e-05 48
1762060356500 9.801999999999996e-05 49
1762060392595 9.999999999999996e-05 50
1762060428920 9.999999999999996e-05 51
1762060465097 9.999999999999996e-05 52
1762060501134 9.999999999999996e-05 53
1762060537179 9.999999999999996e-05 54
1762060573248 9.999999999999996e-05 55
1762060609233 9.999999999999996e-05 56
1762060645373 9.999999999999996e-05 57
1762060681625 9.999999999999996e-05 58
1762060717785 9.999999999999996e-05 59
1762060754026 9.999999999999996e-05 60
1762060790645 9.999999999999996e-05 61
1762060827045 9.999999999999996e-05 62
1762060863221 9.999999999999996e-05 63
1762060899284 9.999999999999996e-05 64
1762060935316 9.999999999999996e-05 65
1762060971298 9.999999999999996e-05 66
1762061007459 9.999999999999996e-05 67
1762061043733 9.999999999999996e-05 68
1762061079962 9.999999999999996e-05 69
1762061116151 9.999999999999996e-05 70
1762061152617 9.999999999999996e-05 71
1762061188851 9.999999999999996e-05 72
1762061224865 9.999999999999996e-05 73
1762061260904 9.999999999999996e-05 74
1762061297007 9.999999999999996e-05 75
1762061333176 9.999999999999996e-05 76
1762061369432 9.999999999999996e-05 77
1762061405638 9.999999999999996e-05 78
1762061441772 9.999999999999996e-05 79
1762061477887 9.999999999999996e-05 80
1762061514153 9.999999999999996e-05 81
1762061550242 9.999999999999996e-05 82
1762061586236 9.999999999999996e-05 83
1762061622291 9.999999999999996e-05 84
1762061658337 9.999999999999996e-05 85
1762061694264 9.999999999999996e-05 86
1762061730400 9.999999999999996e-05 87
1762061766486 9.999999999999996e-05 88
1762061802625 9.999999999999996e-05 89
1762061838697 9.999999999999996e-05 90
1762061875125 9.999999999999996e-05 91
1762061911593 9.999999999999996e-05 92
1762061947901 9.999999999999996e-05 93
1762061984159 9.999999999999996e-05 94
1762062020194 9.999999999999996e-05 95
1762062056142 9.999999999999996e-05 96
1762062092331 9.999999999999996e-05 97
1762062128684 9.999999999999996e-05 98
1762062165060 9.999999999999996e-05 99
