1762058566697 0.7251408695778577 0
1762058603443 0.71020375700092 1
1762058640099 0.6896386821404644 2
1762058676912 0.665925067207742 3
1762058713502 0.6416915059485705 4
1762058750047 0.6188681962086117 5
1762058786535 0.6008954589945137 6
1762058823306 0.5868851658513776 7
1762058860649 0.5763840885257404 8
1762058897681 0.5692414436625484 9
1762058934501 0.5632670997385171 10
1762058971559 0.5600518533953797 11
1762059008633 0.5570437128361674 12
1762059045315 0.5547217022144914 13
1762059081853 0.5532807952145802 14
1762059118316 0.5512714293311997 15
1762059154628 0.5499210397270431 16
1762059190967 0.5476237888748068 17
1762059227823 0.5461099506612632 18
1762059264818 0.5441268088413631 19
1762059301507 0.543676992310242 20
1762059338526 0.542965132849557 21
1762059375199 0.5414956223132998 22
1762059411674 0.540334388346371 23
1762059448138 0.5399027535289626 24
1762059484500 0.5398924375293263 25
1762059520894 0.5392260071051082 26
1762059557351 0.538499207908529 27
1762059597512 0.5376570170503914 28
1762059633971 0.5371336984872026 29
1762059670173 0.5372347290333719 30
1762059706560 0.5369465383184313 31
1762059742799 0.536856726158497 32
1762059778764 0.5365639056082184 33
1762059814707 0.5362546947311325 34
1762059850622 0.5358781281499767 35
1762059886425 0.535955538464543 36
1762059922346 0.5351613630092025 37
1762059958636 0.5357772054862342 38
1762059994802 0.5352779301298021 39
1762060030865 0.5350991645920712 40
1762060067366 0.5353000452352125 41
1762060103531 0.5351659844484044 42
1762060139608 0.5350352387095607 43
1762060175717 0.534604367386067 44
1762060211980 0.5346827296719598 45
1762060248043 0.5349612286716601 46
1762060284275 0.5342525564158874 47
1762060320360 0.5350741887013382 48
1762060356496 0.5348838164560819 49
1762060392591 0.5341206952582959 50
1762060428916 0.5340429885838911 51
1762060465093 0.534275586264474 52
1762060501130 0.533557538653529 53
1762060537176 0.5329340612769523 54
1762060573244 0.5334029992157439 55
1762060609229 0.5325298327148159 56
1762060645369 0.5321031685287374 57
1762060681621 0.5321483379186586 58
1762060717781 0.5319992491375172 59
1762060754023 0.5318191822977161 60
1762060790641 0.5308742740621598 61
1762060827042 0.5308383955115892 62
1762060863217 0.5312502727952114 63
1762060899280 0.5302655977268156 64
1762060935312 0.5303588230348505 65
1762060971294 0.5292627156770903 66
1762061007455 0.5297770132654133 67
1762061043729 0.5296843093495036 68
1762061079959 0.5292772371507563 69
1762061116147 0.5288398887231897 70
1762061152613 0.5289102747590835 71
1762061188847 0.5287714284123772 72
1762061224862 0.5287319510482078 73
1762061260901 0.5273157904710485 74
1762061297003 0.5278408769357245 75
1762061333172 0.5276187434544991 76
1762061369427 0.5273428647621129 77
1762061405634 0.526804102457243 78
1762061441768 0.5266458854326774 79
1762061477883 0.5268640520564741 80
1762061514149 0.5268246622576666 81
1762061550238 0.5264912615978836 82
1762061586233 0.5263396650057695 83
1762061622287 0.5260951759411251 84
1762061658333 0.5255841540735822 85
1762061694261 0.5256480498171328 86
1762061730396 0.5251963014618503 87
1762061766483 0.5255785097711506 88
1762061802622 0.524756693661807 89
1762061838693 0.5246403854946757 90
1762061875122 0.5244807560578533 91
1762061911589 0.525138229745567 92
1762061947897 0.5245906683297649 93
1762061984155 0.524558286809446 94
1762062020190 0.5243296408178006 95
1762062056139 0.5239487430978059 96
1762062092327 0.5239499498839394 97
1762062128680 0.5237112386678144 98
1762062165056 0.5240421082094262 99
