1763448892777 0.9665573189655939 0
1763448918681 0.9859280751811134 1
1763448944573 0.9107997011419179 2
1763448970749 0.8334727552202013 3
1763448996689 0.7919533025059435 4
1763449022633 0.822884127497673 5
1763449048768 0.7396203345722623 6
1763449074647 0.7581947346528372 7
1763449100915 0.7572620308233632 8
1763449127347 0.7916800040337775 9
1763449153419 0.7923740934994485 10
1763449179870 0.7935822332898775 11
1763449206108 0.8194962624046538 12
1763449232553 0.8061912978688875 13
1763449258799 0.8234674773282475 14
1763449285115 0.802569685710801 15
1763449311349 0.8322791722085741 16
