1763448892779 0.08855034915252616 0
1763448918683 0.04138610242421911 1
1763448944576 0.0834554666022029 2
1763448970751 0.1943202528621503 3
1763448996691 0.19560427073997744 4
1763449022636 0.20152389487581482 5
1763449048769 0.24616790593265453 6
1763449074648 0.2320389724853966 7
1763449100917 0.2394485343534648 8
1763449127349 0.21188626703224145 9
1763449153421 0.21891674010678092 10
1763449179871 0.1950336619661862 11
1763449206110 0.19474953530071717 12
1763449232555 0.18903064136995656 13
1763449258801 0.17156727992308637 14
1763449285117 0.19603974616944064 15
1763449311350 0.1604326644188 16
