1763448892781 0.0009622880016777412 0
1763448918685 3.112924475339865e-05 1
1763448944577 1.9802237605021332e-05 2
1763448970753 0.004243398534312435 3
1763448996693 0.0073743659645894395 4
1763449022637 0.013867579580871987 5
1763449048771 0.03609421780695104 6
1763449074650 0.028434221703517122 7
1763449100918 0.026242471584636304 8
1763449127351 0.02086849216468383 9
1763449153422 0.01860959824287218 10
1763449179873 0.017749888090192043 11
1763449206111 0.011270649010485714 12
1763449232557 0.02511975299142301 13
1763449258803 0.023457019375857473 14
1763449285118 0.02247328328326148 15
1763449311352 0.014774076624437131 16
