1763448892773 10.835726618766785 0
1763448918677 28.364179346296524 1
1763448944570 30.366432666778564 2
1763448970746 12.724327882130941 3
1763448996685 10.73633607228597 4
1763449022630 6.981377402941386 5
1763449048764 5.270237372981177 6
1763449074642 5.478097279866536 7
1763449100911 6.0464734766218395 8
1763449127342 5.487279958195156 9
1763449153415 5.939923869238959 10
1763449179866 5.488442149427202 11
1763449206104 6.095664872063531 12
1763449232549 5.490138941340977 13
1763449258796 5.2770463360680475 14
1763449285110 5.6553758184115095 15
1763449311343 5.254607551627689 16
