1763448892776 0.1701885306328121 0
1763448918679 0.14244524767363803 1
1763448944572 0.9910894354997279 2
1763448970748 1.0316022023713838 3
1763448996687 1.2177360316531525 4
1763449022632 0.6734084594580863 5
1763449048766 0.9074098136689928 6
1763449074645 0.7968398378127151 7
1763449100913 0.9162055030465126 8
1763449127345 0.6499244429998927 9
1763449153417 0.726574030601316 10
1763449179868 0.6150079965591431 11
1763449206106 0.5693324104779296 12
1763449232552 0.6522759118427833 13
1763449258797 0.5172811444434855 14
1763449285112 0.6427222055693468 15
1763449311347 0.44614507009585697 16
