1763443590802 0.5724875628948212 0
1763443594173 0.6962735056877136 1
1763443597194 0.6367685198783875 2
1763443600266 0.5364474505186081 3
1763443603262 0.43024832010269165 4
1763443606384 0.35479649901390076 5
1763443609636 0.2732236385345459 6
1763443612891 0.2475813925266266 7
1763443615911 0.19806519150733948 8
1763443618904 0.16999570280313492 9
1763443622079 0.13632262870669365 10
1763443625309 0.12053338065743446 11
1763443628475 0.11942727863788605 12
1763443631492 0.10591806843876839 13
1763443634642 0.08750563859939575 14
1763443637672 0.07370775938034058 15
1763443641098 0.06753462180495262 16
1763443644120 0.06213147006928921 17
1763443647241 0.05085582658648491 18
1763443650235 0.04961762577295303 19
1763443653377 0.047990601509809494 20
1763443656739 0.045684510841965675 21
1763443659748 0.037108251824975014 22
1763443662860 0.03601264767348766 23
1763443665864 0.03306511417031288 24
