1763443590800 0.5489820688962936 0
1763443594171 0.8103860914707184 1
1763443597193 0.8773525357246399 2
1763443600264 0.8864849507808685 3
1763443603261 0.8997638821601868 4
1763443606382 0.9225048720836639 5
1763443609635 0.92820605635643 6
1763443612889 0.9487796127796173 7
1763443615909 0.9532625675201416 8
1763443618903 0.9579494297504425 9
1763443622077 0.9659673571586609 10
1763443625307 0.9723996818065643 11
1763443628472 0.97687828540802 12
1763443631490 0.9774461984634399 13
1763443634640 0.978035181760788 14
1763443637671 0.9799085855484009 15
1763443641096 0.9842135608196259 16
1763443644118 0.9861935377120972 17
1763443647239 0.9877430498600006 18
1763443650232 0.9878350794315338 19
1763443653375 0.9881043136119843 20
1763443656738 0.9900981485843658 21
1763443659747 0.9902003705501556 22
1763443662858 0.9907616972923279 23
1763443665863 0.9917935132980347 24
