1763443590804 0.7277073264122009 0
1763443594174 0.9758763611316681 1
1763443597196 0.982282280921936 2
1763443600268 0.977523148059845 3
1763443603263 0.9780718386173248 4
1763443606386 0.9818900525569916 5
1763443609638 0.9842715561389923 6
1763443612893 0.9863527119159698 7
1763443615913 0.9891389310359955 8
1763443618906 0.9911577105522156 9
1763443622081 0.9908058643341064 10
1763443625311 0.9927365481853485 11
1763443628476 0.9940219521522522 12
1763443631493 0.9941299259662628 13
1763443634644 0.9939522743225098 14
1763443637675 0.9948239922523499 15
1763443641100 0.9954654574394226 16
1763443644121 0.9961709082126617 17
1763443647242 0.9962656199932098 18
1763443650237 0.9966816604137421 19
1763443653379 0.997005432844162 20
1763443656741 0.9970027208328247 21
1763443659750 0.9970881938934326 22
1763443662862 0.9974677264690399 23
1763443665866 0.9976966083049774 24
