1763443590798 1.6404178142547607 0
1763443594169 1.5816985964775085 1
1763443597191 1.2787299156188965 2
1763443600262 0.9642358422279358 3
1763443603258 0.7319900691509247 4
1763443606380 0.5643972456455231 5
1763443609632 0.42334918677806854 6
1763443612888 0.3567642271518707 7
1763443615907 0.28103986382484436 8
1763443618901 0.24086086452007294 9
1763443622075 0.18754541873931885 10
1763443625305 0.16200225800275803 11
1763443628471 0.15615832805633545 12
1763443631488 0.14074773341417313 13
1763443634638 0.11645757779479027 14
1763443637669 0.09883527457714081 15
1763443641094 0.08766699954867363 16
1763443644116 0.07983898371458054 17
1763443647237 0.06552340090274811 18
1763443650231 0.06400489620864391 19
1763443653373 0.06241155415773392 20
1763443656735 0.058060405775904655 21
1763443659745 0.048300664871931076 22
1763443662857 0.046392299234867096 23
1763443665861 0.042483026161789894 24
