1763443590795 0.3812542147934437 0
1763443594167 0.02464517019689083 1
1763443597188 0.017954448238015175 2
1763443600260 0.022956510074436665 3
1763443603255 0.022299762815237045 4
1763443606378 0.018361415714025497 5
1763443609631 0.015904944390058517 6
1763443612886 0.013795907609164715 7
1763443615905 0.010948514100164175 8
1763443618899 0.008894292637705803 9
1763443622074 0.009255380369722843 10
1763443625303 0.007298538461327553 11
1763443628469 0.006001385860145092 12
1763443631486 0.005893515422940254 13
1763443634635 0.006074788048863411 14
1763443637667 0.005194098921492696 15
1763443641091 0.004548016237094998 16
1763443644113 0.0038385906955227256 17
1763443647235 0.003743454930372536 18
1763443650229 0.0033259779447689652 19
1763443653371 0.0030003769788891077 20
1763443656734 0.00300304195843637 21
1763443659743 0.002917641308158636 22
1763443662854 0.0025365904439240694 23
1763443665859 0.0023067763540893793 24
