1764460892075 0.07163971203751246 0
1764460893480 0.05709019888515473 1
1764460894634 0.20183376608694228 2
1764460895786 0.13397710882509273 3
1764460896948 0.10098687260672097 4
1764460898102 0.10364983149725049 5
1764460899575 0.06712729454006833 6
1764460900733 0.04549820446593982 7
1764460901908 0.12137381245270723 8
1764460903073 0.0707802962816945 9
1764460904241 0.07226058046182786 10
1764460905717 0.055331626018134836 11
1764460906876 0.061683581633513146 12
1764460908040 0.06115451436617893 13
1764460909210 0.04012351206074527 14
1764460910377 0.028062133942372523 15
1764460911829 0.031580245764041455 16
