1764460892071 0.13059412816073745 0
1764460893476 0.6926147245842282 1
1764460894630 1.6802715952201022 2
1764460895784 0.38659029556080127 3
1764460896948 0.4388789940690353 4
1764460898102 0.2998323586339561 5
1764460899572 0.17028713444820964 6
1764460900733 0.10099797473790553 7
1764460901904 0.7231367222797976 8
1764460903069 0.2262398467562609 9
1764460904225 0.2326086543751164 10
1764460905717 0.14151724291822085 11
1764460906876 0.2293077816362851 12
1764460908024 0.20627344399690628 13
1764460909209 0.09887956365799674 14
1764460910377 0.06301693027265944 15
1764460911826 0.08944724389136983 16
