1764460892068 9.714615445870619 0
1764460893467 28.880535345237988 1
1764460894627 15.478891817423014 2
1764460895781 10.342033166151781 3
1764460896948 8.593557431147648 4
1764460898102 10.42487451663384 5
1764460899568 8.170859639461224 6
1764460900733 7.031787184568552 7
1764460901889 14.32175507912269 8
1764460903066 14.39192363849053 9
1764460904225 10.977262891255892 10
1764460905715 8.006858247977037 11
1764460906860 8.35528503014491 12
1764460908024 10.309646125023182 13
1764460909193 7.448589930167565 14
1764460910377 6.334815859794617 15
1764460911823 7.0738984529788675 16
