1764460892075 0.0017481079578170254 0
1764460893480 0.018826779010165825 1
1764460894636 0.017764135076240938 2
1764460895788 0.001636938937290931 3
1764460896948 0.006694526983694369 4
1764460898102 0.0020567064168588445 5
1764460899577 0.0014101666771556638 6
1764460900733 0.002338236334738807 7
1764460901908 0.002611558913168554 8
1764460903073 0.0006423824303913652 9
1764460904241 0.0020492229825721095 10
1764460905723 0.002615225123192361 11
1764460906876 0.0033970078506370214 12
1764460908042 0.0021691854830531753 13
1764460909210 0.0021965710986845666 14
1764460910377 0.00230351612285281 15
1764460911829 0.0025909333706395457 16
