1764460892073 0.9839277966664388 0
1764460893478 0.9531831374535193 1
1764460894632 0.809931074121358 2
1764460895786 0.8932973043276713 3
1764460896948 0.8852632945546737 4
1764460898102 0.9141552310723525 5
1764460899573 0.940160761658962 6
1764460900733 0.9582991359325556 7
1764460901906 0.8671526802847018 8
1764460903071 0.9321986402456577 9
1764460904225 0.9254755446544061 10
1764460905717 0.9468268075814614 11
1764460906876 0.9315945437321296 12
1764460908024 0.9397270335600927 13
1764460909210 0.9605820591633136 14
1764460910377 0.9738256942767364 15
1764460911826 0.9645226299762726 16
