1762117641660 0.7258484076027855 0
1762117678730 16.500558843565145 1
1762117715617 0.6780130067933041 2
1762117752254 0.6480301975015786 3
1762117789239 0.6227923211069202 4
1762117826133 0.6040534416702499 5
1762117862940 0.5900565821071003 6
1762117900165 0.5805608302255801 7
1762117936964 0.5732626985077842 8
1762117973863 0.5677357893449524 9
1762118010966 0.5635771566055146 10
1762118048037 0.5614169513268328 11
1762118084971 0.5585584896743495 12
1762118121589 0.5576889991760254 13
1762118158275 0.5547417320682361 14
1762118195335 0.5535166550712332 15
1762118232396 0.5525093580797266 16
1762118269590 0.5509142530320886 17
1762118306939 0.5494308158408764 18
1762118344219 0.5481415612357003 19
1762118381546 0.5468244688851492 20
1762118419243 0.5460394000294201 21
1762118456396 0.544556422407841 22
1762118493470 0.5434870495748678 23
1762118530402 0.5433046356784149 24
1762118567256 0.5423917031367356 25
1762118603879 0.5421506511412586 26
1762118640684 0.5414078293052622 27
1762118677830 0.5414171633926341 28
1762118714734 0.5404969291829588 29
1762118751640 0.5404009889922665 30
1762118788832 0.5397584891002439 31
1762118826100 0.5391957900056807 32
1762118863023 0.5394053394216239 33
1762118900239 0.538982717262154 34
1762118937397 0.5391343490229888 35
1762118974689 0.5392465069048429 36
1762119012027 0.5388510928597561 37
1762119049173 0.5384719671997121 38
1762119086237 0.5384304102869129 39
1762119123660 0.5386273821326981 40
1762119160926 0.5389354276894731 41
1762119197916 0.5382208605145299 42
1762119234859 0.5380304214566253 43
1762119271644 0.5383164271167743 44
1762119309086 0.5380445872430389 45
1762119346243 0.5376316264618275 46
1762119383541 0.5377650533007625 47
1762119420290 0.5378240075222281 48
1762119457379 0.5384265336879465 49
