1762117641665 254681.79279179612 0
1762117678734 1342.8655878591776 1
1762117715620 0.8123154928121852 2
1762117752258 0.906660614338428 3
1762117789242 0.9142034434796964 4
1762117826137 0.9072353147589091 5
1762117862944 0.9003467448130003 6
1762117900169 0.9108645302512717 7
1762117936968 0.937426886130805 8
1762117973867 0.9274894892575337 9
1762118010969 0.9383361903535963 10
1762118048041 0.9181540118499452 11
1762118084975 0.9216577756840525 12
1762118121593 0.9144821795514255 13
1762118158280 0.9323106410891511 14
1762118195341 0.9343531223626628 15
1762118232401 0.9189858860747758 16
1762118269595 0.9270632536308314 17
1762118306943 0.9165230680145695 18
1762118344223 0.9089347346280501 19
1762118381550 0.9270918941577011 20
1762118419247 0.9102553358901775 21
1762118456399 0.9276396337141626 22
1762118493473 0.9213196410689243 23
1762118530406 0.9109614492254796 24
1762118567259 0.9085693028678133 25
1762118603883 0.9082699629159465 26
1762118640688 0.9163330857935934 27
1762118677834 0.891057872217755 28
1762118714737 0.9098053065645338 29
1762118751644 0.8839273010773516 30
1762118788836 0.8999897184166006 31
1762118826103 0.9085039808900649 32
1762118863027 0.8875778116261048 33
1762118900244 0.8935079180917075 34
1762118937401 0.9051194312168515 35
1762118974693 0.8745920889401356 36
1762119012031 0.902292726681478 37
1762119049177 0.8900972116825192 38
1762119086241 0.8871156196657606 39
1762119123664 0.8866191275096019 40
1762119160929 0.8544233187488544 41
1762119197921 0.8871025468423913 42
1762119234863 0.8839672696946863 43
1762119271649 0.8412683880210319 44
1762119309089 0.8754173627327447 45
1762119346248 0.8879385245598828 46
1762119383546 0.8720373891912822 47
1762119420294 0.8715878466039005 48
1762119457384 0.8659381335755916 49
