1762117641667 1.0000000000000002e-06 0
1762117678735 2.9800000000000003e-06 1
1762117715622 4.960000000000001e-06 2
1762117752260 6.940000000000001e-06 3
1762117789244 8.920000000000001e-06 4
1762117826138 1.0900000000000002e-05 5
1762117862946 1.2880000000000004e-05 6
1762117900171 1.4860000000000003e-05 7
1762117936969 1.6840000000000005e-05 8
1762117973869 1.8820000000000006e-05 9
1762118010971 2.0800000000000008e-05 10
1762118048043 2.2780000000000006e-05 11
1762118084977 2.4760000000000007e-05 12
1762118121595 2.6740000000000008e-05 13
1762118158282 2.872000000000001e-05 14
1762118195342 3.0700000000000014e-05 15
1762118232403 3.268000000000001e-05 16
1762118269597 3.466000000000001e-05 17
1762118306945 3.664000000000001e-05 18
1762118344225 3.862000000000001e-05 19
1762118381553 4.060000000000001e-05 20
1762118419248 4.258000000000001e-05 21
1762118456402 4.456000000000001e-05 22
1762118493474 4.6540000000000005e-05 23
1762118530408 4.852e-05 24
1762118567262 5.050000000000001e-05 25
1762118603885 5.248000000000001e-05 26
1762118640691 5.446000000000002e-05 27
1762118677836 5.6440000000000015e-05 28
1762118714739 5.842000000000001e-05 29
1762118751646 6.040000000000001e-05 30
1762118788838 6.238000000000001e-05 31
1762118826105 6.436e-05 32
1762118863029 6.634e-05 33
1762118900246 6.832000000000001e-05 34
1762118937402 7.03e-05 35
1762118974695 7.228e-05 36
1762119012033 7.426000000000001e-05 37
1762119049178 7.624e-05 38
1762119086243 7.822e-05 39
1762119123666 8.020000000000001e-05 40
1762119160932 8.218e-05 41
1762119197924 8.416e-05 42
1762119234864 8.613999999999999e-05 43
1762119271650 8.811999999999998e-05 44
1762119309091 9.009999999999997e-05 45
1762119346250 9.207999999999996e-05 46
1762119383547 9.405999999999995e-05 47
1762119420295 9.603999999999995e-05 48
1762119457386 9.801999999999996e-05 49
