1762117641663 0.7258484076027855 0
1762117678732 0.7097566125400835 1
1762117715619 0.6779948034951854 2
1762117752256 0.6480213579545385 3
1762117789241 0.6227782609058773 4
1762117826135 0.6040445750337898 5
1762117862942 0.5900441155877224 6
1762117900167 0.5805403683668752 7
1762117936966 0.5732327049356758 8
1762117973865 0.5677223659829048 9
1762118010968 0.5635502148308231 10
1762118048039 0.5613912295265451 11
1762118084973 0.5585288342051332 12
1762118121592 0.5576468382166866 13
1762118158277 0.5547169593481527 14
1762118195338 0.5534671101063193 15
1762118232399 0.5524820544790984 16
1762118269593 0.5508763001210666 17
1762118306941 0.5493745222836238 18
1762118344222 0.5480607803477797 19
1762118381548 0.5467771561834899 20
1762118419245 0.5460175822739586 21
1762118456398 0.5445231843232317 22
1762118493471 0.5434315170560564 23
1762118530404 0.5432659030356677 24
1762118567258 0.542348465887811 25
1762118603882 0.5421255601600952 26
1762118640686 0.5413713000937553 27
1762118677832 0.5413717770497268 28
1762118714735 0.5404728020148419 29
1762118751641 0.540370846863997 30
1762118788834 0.5397277373808167 31
1762118826102 0.539148479363451 32
1762118863025 0.5393331134834163 33
1762118900242 0.5389229549918064 34
1762118937399 0.5391078148965424 35
1762118974692 0.5392082072175618 36
1762119012029 0.5387770644454069 37
1762119049175 0.5384446270046044 38
1762119086239 0.5383632163272744 39
1762119123662 0.5386147459480057 40
1762119160928 0.5388238016949144 41
1762119197919 0.5381341404693071 42
1762119234861 0.537998518516059 43
1762119271646 0.5382660314490233 44
1762119309088 0.5380066316389166 45
1762119346245 0.5375465056428878 46
1762119383544 0.5377225436641528 47
1762119420292 0.5378002673684561 48
1762119457382 0.5383454091525157 49
