1763449431134 11.775631354914772 0
1763449457407 22.818737361166214 1
1763449483169 14.262435052129957 2
1763449509441 13.901742034488255 3
1763449535446 9.924471802181667 4
1763449561450 6.29735490348604 5
1763449587734 5.47526557246844 6
1763449613653 6.764877928627862 7
1763449639649 6.7351402011182575 8
1763449665937 6.577742920981513 9
1763449692472 6.741342458460066 10
1763449719128 6.676655537552303 11
1763449745268 6.260347055064307 12
1763449771879 6.601998574203915 13
1763449797796 5.822675863901774 14
1763449823345 5.8757034871313305 15
1763449849604 6.196085035800934 16
1763449875425 5.6690372758441505 17
1763449901422 5.408158209588793 18
1763449927482 5.511911650498708 19
1763449953486 5.925254808531867 20
1763449979779 4.947956780592601 21
1763450005782 5.051454563935597 22
1763450031972 5.608758262462086 23
1763450058275 4.612978279590607 24
1763449431134 11.775631354914772 0
