1763449431139 0.1501975600162328 0
1763449457413 0.0522085274214866 1
1763449483175 0.11932290828033497 2
1763449509447 0.18143054683912993 3
1763449535451 0.15831894484859566 4
1763449561455 0.19283596714457316 5
1763449587739 0.23210397810908034 6
1763449613660 0.22864018324268423 7
1763449639655 0.2124596999346977 8
1763449665943 0.1916824445231921 9
1763449692478 0.2066140335155069 10
1763449719134 0.1947506405316138 11
1763449745274 0.19777855333419816 12
1763449771885 0.18897245335392654 13
1763449797802 0.1955041276879557 14
1763449823350 0.1793012993875891 15
1763449849610 0.1822900689395384 16
1763449875431 0.1739487517495743 17
1763449901428 0.15339528379263356 18
1763449927487 0.1460277937585488 19
1763449953492 0.2029430872870661 20
1763449979785 0.15190206872971934 21
1763450005787 0.13576974184252322 22
1763450031978 0.19144491516150688 23
1763450058280 0.1408248015278433 24
1763449431139 0.1501975600162328 0
