1763449431136 0.35400644143939847 0
1763449457409 0.15904356302331102 1
1763449483171 0.6482583217374567 2
1763449509443 1.0551548954616818 3
1763449535448 0.9561505770931641 4
1763449561451 0.6776894873215092 5
1763449587736 0.9445276583234469 6
1763449613655 0.8543296282490095 7
1763449639651 0.7619448403517405 8
1763449665940 0.5917656794190407 9
1763449692474 0.7546440958976746 10
1763449719130 0.6693055484857824 11
1763449745270 0.7442190941009257 12
1763449771881 0.6079423998792967 13
1763449797797 0.682848059054878 14
1763449823347 0.5288464484943284 15
1763449849606 0.6827836552013954 16
1763449875427 0.4947659878267182 17
1763449901424 0.4280882572962178 18
1763449927483 0.41785461662544143 19
1763449953488 0.7704396792170074 20
1763449979781 0.3955565074251758 21
1763450005784 0.3560277654065026 22
1763450031974 0.7301580682396889 23
1763450058277 0.37039463718732196 24
1763449431136 0.35400644143939847 0
