1763449431141 0.0034882323244119625 0
1763449457414 0.00024358816735195967 1
1763449483177 0.0021845447264413134 2
1763449509448 0.0014397629165224088 3
1763449535453 0.004828378192072701 4
1763449561457 0.01292876292406062 5
1763449587741 0.04168948270115733 6
1763449613661 0.011000447778573945 7
1763449639657 0.016115782470529263 8
1763449665945 0.008739374464009112 9
1763449692480 0.014500079534514043 10
1763449719136 0.011831842165798257 11
1763449745275 0.013637072344604602 12
1763449771887 0.008712969831246179 13
1763449797803 0.034633095111581094 14
1763449823352 0.015885687383160985 15
1763449849612 0.019669707914039866 16
1763449875433 0.012329383209968606 17
1763449901430 0.017018296927239537 18
1763449927489 0.016521802002090327 19
1763449953494 0.03108843469506913 20
1763449979785 0.023070630316700164 21
1763450005789 0.015874073370165814 22
1763450031979 0.048892790305911954 23
1763450058282 0.02320842400109137 24
1763449431141 0.0034882323244119625 0
