1763449431138 0.9405847870641284 0
1763449457411 0.9702227380540636 1
1763449483173 0.8860290129151609 2
1763449509445 0.8624580490092436 3
1763449535449 0.8115500880974449 4
1763449561453 0.8161220798889796 5
1763449587738 0.7492124483817153 6
1763449613657 0.7759304904482431 7
1763449639653 0.7902597967121336 8
1763449665942 0.81068564289146 9
1763449692476 0.7939220397836633 10
1763449719132 0.8062405842873785 11
1763449745272 0.80245702010062 12
1763449771883 0.816860261062781 13
1763449797800 0.7966256630089548 14
1763449823348 0.8271770717369186 15
1763449849607 0.7984103514916367 16
1763449875429 0.8309026807546616 17
1763449901426 0.8485353622171614 18
1763449927485 0.8484159020913972 19
1763449953490 0.7922942485246394 20
1763449979783 0.85569785700904 21
1763450005785 0.8630453596512476 22
1763450031976 0.802696522946159 23
1763450058279 0.855293302072419 24
1763449431138 0.9405847870641284 0
