1763447442860 0.23787490940756267 0
1763447468781 0.0149246111460444 1
1763447494542 0.006997775402851403 2
1763447520482 0.004825964796408597 3
1763447546333 0.0032854958747824035 4
1763447572026 0.0027428322355262935 5
1763447597967 0.0021211429169246307 6
1763447623997 0.0016982793232374308 7
1763447650163 0.001406003866577521 8
1763447676226 0.0012857281771074566 9
1763447702485 0.001186512714614057 10
1763447728823 0.0010579313546056962 11
1763447755064 0.000896595664218896 12
1763447781554 0.000732990599418473 13
1763447808348 0.000644108687993139 14
1763447834738 0.0005506550830129223 15
1763447861158 0.0004807022358161501 16
1763447887355 0.00042173493339861225 17
1763447913634 0.0003953299949191407 18
1763447939877 0.0003435627246896426 19
1763447966111 0.000319457284705196 20
1763447992967 0.00031040177499461506 21
1763448019398 0.00027014184201511345 22
