1763447442862 1.8775585463477507 0
1763447468783 0.06773121127237876 1
1763447494544 0.029560568121572334 2
1763447520484 0.020071122743603256 3
1763447546335 0.015664207179927163 4
1763447572028 0.011372173541328974 5
1763447597969 0.009840735622371236 6
1763447623999 0.007525756774056289 7
1763447650165 0.006174650392495096 8
1763447676228 0.005483578722406592 9
1763447702487 0.005131322618884345 10
1763447728825 0.004587955540046096 11
1763447755067 0.0043244910840358995 12
1763447781556 0.0036733345995243224 13
1763447808351 0.0033002724909844496 14
1763447834740 0.0029870079144731993 15
1763447861160 0.002621819320160689 16
1763447887357 0.0024418163294386533 17
1763447913635 0.0021260542788594547 18
1763447939879 0.001962913038571262 19
1763447966114 0.0017148790292493585 20
1763447992969 0.0015779860793069627 21
1763448019400 0.0014331212053851534 22
