1763447442866 0.5847999844700098 0
1763447468786 0.031372719858255654 1
1763447494548 0.014801279693428013 2
1763447520488 0.010554288358738026 3
1763447546339 0.008182122035779886 4
1763447572032 0.006718881376501586 5
1763447597973 0.005295952950190339 6
1763447624003 0.004157503646436251 7
1763447650168 0.003445085584341238 8
1763447676232 0.003052737052914583 9
1763447702491 0.0029095459289641846 10
1763447728829 0.0027506105123191243 11
1763447755071 0.0024919474186996617 12
1763447781560 0.002117185956901974 13
1763447808355 0.001918954729464733 14
1763447834744 0.0016651138107085393 15
1763447861163 0.001475837835136594 16
1763447887361 0.0013604081209955944 17
1763447913639 0.0011952213503213392 18
1763447939883 0.0010360821114671934 19
1763447966117 0.0009532476962906205 20
1763447992972 0.0008810794275228141 21
1763448019403 0.0007887588758927046 22
