1763447442864 0.8261991126669778 0
1763447468784 0.9747069329023361 1
1763447494546 0.988830124338468 2
1763447520486 0.9922961029741499 3
1763447546337 0.9937568588389291 4
1763447572030 0.995970164736112 5
1763447597971 0.9960738519827524 6
1763447624001 0.996984021531211 7
1763447650166 0.9974778791268667 8
1763447676230 0.9977618803580602 9
1763447702489 0.9978882686959373 10
1763447728826 0.9982751955588659 11
1763447755069 0.9982509679264493 12
1763447781558 0.9985046419832442 13
1763447808353 0.9986637598938413 14
1763447834742 0.9987233115567101 15
1763447861162 0.9988818036185371 16
1763447887359 0.9989514566130109 17
1763447913637 0.9990852955314848 18
1763447939881 0.9991121606694328 19
1763447966115 0.9992497397793664 20
1763447992970 0.9993166310919656 21
1763448019401 0.9993643992476993 22
