1763447442868 0.8129958924320009 0
1763447468788 0.9852355238464143 1
1763447494550 0.9930353528923459 2
1763447520489 0.9951897975471284 3
1763447546340 0.9967218538125356 4
1763447572033 0.9972628090116713 5
1763447597975 0.9978824820783403 6
1763447624004 0.9983037279711829 7
1763447650170 0.9985954331027137 8
1763447676234 0.9987155927552117 9
1763447702493 0.9988144702381558 10
1763447728831 0.9989428751998477 11
1763447755073 0.9991041935152478 12
1763447781562 0.9992673926883273 13
1763447808356 0.9993562036090426 14
1763447834746 0.9994496752818426 15
1763447861165 0.9995194607310824 16
1763447887362 0.9995784113804499 17
1763447913641 0.999604794714186 18
1763447939884 0.9996565298901664 19
1763447966119 0.999680639968978 20
1763447992973 0.9996900889608595 21
1763448019405 0.9997299677795835 22
