1762123730555 0.7423316976952791 0
1762123767590 1177397.1075906348 1
1762123804335 0.726661929577292 2
1762123841192 0.7101702810521934 3
1762123877936 0.6978787750104734 4
1762123914510 0.6819367160036715 5
1762123950977 0.6674550225172328 6
1762123987353 0.6546771671684873 7
1762124024061 0.6457008559046393 8
1762124060715 0.6393890067984496 9
1762124097301 0.6358941494824483 10
1762124134292 0.6331910317126302 11
1762124171762 0.6314511008832938 12
1762124208661 0.6308251063689045 13
1762124245406 0.6304602425359809 14
1762124282093 0.6295212461702847 15
1762124318701 0.6285478331717937 16
1762124355271 0.627774884098788 17
1762124392454 0.6268430671818629 18
1762124429574 0.62759466147502 19
1762124466556 0.6271780204931366 20
1762124504045 0.6268653447841885 21
1762124541061 0.6268168569799277 22
1762124578328 0.6267011777111066 23
1762124615201 0.62633462288847 24
1762124652189 0.6257891428431007 25
1762124689114 0.6255433117432452 26
1762124726112 0.6263527190566459 27
1762124762917 0.6255185797761049 28
1762124799769 0.6259060649380731 29
