1762123730558 16134297.373694543 0
1762123767594 1308218.2356523222 1
1762123804339 0.0016752543597732766 2
1762123841196 0.0010964177685025523 3
1762123877940 0.0028126278602861586 4
1762123914514 0.006188640244107112 5
1762123950981 0.008976246301468425 6
1762123987356 0.011845994183787475 7
1762124024065 0.014644650183618069 8
1762124060719 0.017041612767995 9
1762124097305 0.018650032760593977 10
1762124134296 0.020258226547625373 11
1762124171766 0.021297934270182322 12
1762124208665 0.021969285968728238 13
1762124245410 0.022753232695236554 14
1762124282097 0.022732276012780658 15
1762124318705 0.023341858530559412 16
1762124355276 0.023246558688803765 17
1762124392458 0.023569592410246795 18
1762124429578 0.023642754121575245 19
1762124466561 0.0239776953485519 20
1762124504049 0.024056260998165886 21
1762124541065 0.024080557743724796 22
1762124578332 0.02404304028200945 23
1762124615204 0.023964334106029467 24
1762124652192 0.02426472433233182 25
1762124689118 0.023996106077270256 26
1762124726116 0.02439786706156905 27
1762124762921 0.024108872008185053 28
1762124799773 0.024273437517772483 29
