1762123730560 1.0000000000000002e-06 0
1762123767596 2.9800000000000003e-06 1
1762123804341 4.960000000000001e-06 2
1762123841198 6.940000000000001e-06 3
1762123877942 8.920000000000001e-06 4
1762123914516 1.0900000000000002e-05 5
1762123950983 1.2880000000000004e-05 6
1762123987358 1.4860000000000003e-05 7
1762124024066 1.6840000000000005e-05 8
1762124060720 1.8820000000000006e-05 9
1762124097307 2.0800000000000008e-05 10
1762124134298 2.2780000000000006e-05 11
1762124171768 2.4760000000000007e-05 12
1762124208667 2.6740000000000008e-05 13
1762124245412 2.872000000000001e-05 14
1762124282099 3.0700000000000014e-05 15
1762124318707 3.268000000000001e-05 16
1762124355277 3.466000000000001e-05 17
1762124392460 3.664000000000001e-05 18
1762124429580 3.862000000000001e-05 19
1762124466562 4.060000000000001e-05 20
1762124504050 4.258000000000001e-05 21
1762124541067 4.456000000000001e-05 22
1762124578333 4.6540000000000005e-05 23
1762124615206 4.852e-05 24
1762124652194 5.050000000000001e-05 25
1762124689120 5.248000000000001e-05 26
1762124726118 5.446000000000002e-05 27
1762124762922 5.6440000000000015e-05 28
1762124799775 5.842000000000001e-05 29
