1762123730556 0.7423316976952791 0
1762123767592 0.7422120179448809 1
1762123804337 0.7251542010576622 2
1762123841194 0.7091835046527394 3
1762123877938 0.6953474090740926 4
1762123914512 0.6763669406852849 5
1762123950979 0.6593763996200308 6
1762123987355 0.6440157730714031 7
1762124024063 0.6325206716987382 8
1762124060717 0.6240515551693812 9
1762124097303 0.6191091202422234 10
1762124134295 0.6149586292596354 11
1762124171764 0.6122829613099463 12
1762124208663 0.6110527497985434 13
1762124245408 0.6099823339436934 14
1762124282095 0.609062197042066 15
1762124318703 0.6075401612690516 16
1762124355274 0.6068529825669983 17
1762124392456 0.6056304332425824 18
1762124429576 0.6063161842846791 19
1762124466559 0.6055980954851423 20
1762124504047 0.6052147111227346 21
1762124541063 0.6051443556218449 22
1762124578330 0.6050624423644867 23
1762124615202 0.6047667222165586 24
1762124652191 0.6039508926511999 25
1762124689116 0.6039468164459811 26
1762124726114 0.6043946386571738 27
1762124762919 0.6038205955907752 28
1762124799771 0.604059973071976 29
