1763448511797 0.0010561941718907836 0
1763448537978 3.4335682435550164e-05 1
1763448563871 8.700851545601172e-17 2
1763448589839 4.51470691221278e-17 3
1763448615680 1.3522438653721568e-16 4
1763448641582 6.50633934241687e-16 5
1763448667844 1.830924028384348e-16 6
1763448694388 1.9314435122706148e-16 7
1763448720658 1.2222210231999432e-16 8
1763448746830 2.5406042043002066e-16 9
1763448773016 1.5443885162225588e-16 10
1763448799578 2.2114980087281325e-16 11
1763448826345 3.21193793448616e-16 12
