1762054496630 0.10095523430956559 0
1762054533473 0.478186058720877 1
1762054569933 0.08447334346828667 2
1762054606439 0.06943376261332503 3
1762054642994 0.05726681711814332 4
1762054679698 0.04851288562547725 5
1762054716501 0.042358284102028784 6
1762054752836 0.03852366981068719 7
1762054789355 0.03564091969863125 8
1762054825757 0.03390774655084673 9
1762054862124 0.03255079412133591 10
1762054898983 0.03171398876067808 11
1762054935582 0.030885923215717176 12
1762054972189 0.02995000855619725 13
1762055008895 0.029330323955842428 14
1762055045621 0.02832268838619077 15
1762055082244 0.027612884045637328 16
1762055119222 0.027023039109683115 17
1762055155997 0.026656275759899734 18
1762055192463 0.026457695752085245 19
1762055228877 0.0261303533301797 20
1762055265788 0.02569709565750388 21
1762055302504 0.025573719310206036 22
1762055339053 0.02552115388115577 23
1762055375748 0.025312167225387008 24
1762055412555 0.02504705257862311 25
1762055449221 0.025035165480502025 26
1762055485831 0.025059164411997875 27
1762055522214 0.02492933669359581 28
1762055558550 0.025037283871161976 29
1762055594931 0.024966340722435733 30
1762055632065 0.024794429194095524 31
1762055669078 0.025088485491236184 32
1762055705760 0.024748382633211604 33
1762055742656 0.025031756282941842 34
1762055779488 0.024876183599382144 35
1762055816135 0.024784429886214362 36
1762055852807 0.024751039267675426 37
1762055889389 0.02485495039889979 38
1762055925955 0.02477168747753004 39
1762055962637 0.024837178670092674 40
1762055999628 0.024860144844680927 41
1762056036396 0.024848360038575937 42
1762056072954 0.024958299333074956 43
1762056109671 0.024800759004398043 44
1762056146439 0.024902737447589734 45
1762056183045 0.024835535225480102 46
1762056219665 0.02489924768969862 47
1762056256066 0.02497026678236616 48
1762056292446 0.024950725958988913 49
1762056329126 0.02499171899155129 50
1762056366172 0.02494126878109485 51
1762056402990 0.024757429388076364 52
1762056439856 0.02450961987194033 53
1762056476826 0.024681707766166953 54
1762056513691 0.024550337589460354 55
1762056550329 0.024425354767033825 56
1762056586966 0.024280021319852716 57
1762056623388 0.024135195106218425 58
1762056659769 0.024051615902751785 59
1762056696550 0.024007053881190545 60
1762056733486 0.02384609755413279 61
1762056770210 0.02385883940711766 62
1762056806936 0.02368999093127409 63
1762056843774 0.02374219523612843 64
1762056880752 0.02348864312559069 65
1762056917430 0.023260460029111748 66
1762056954244 0.023522314451560625 67
1762056990931 0.023382368822430454 68
1762057027651 0.02301750437563836 69
1762057064755 0.022901749992093375 70
1762057102043 0.02300757217743864 71
1762057138944 0.022816812078719124 72
1762057175885 0.022781024811374784 73
1762057212814 0.02269694198702657 74
1762057250215 0.022714823137882145 75
1762057287670 0.022440798865303247 76
1762057324695 0.022536549350847042 77
1762057361649 0.02241452553888096 78
1762057398626 0.022331638824801114 79
1762057436093 0.0222281650723611 80
1762057473726 0.022213895675846904 81
1762057510722 0.022219808340270653 82
1762057547837 0.021881652729851857 83
1762057584862 0.021872670250477583 84
1762057621600 0.021819334695010486 85
1762057658305 0.0218697603754823 86
1762057694734 0.021875671314638714 87
1762057731277 0.021665164407503566 88
1762057768112 0.021738032939723165 89
1762057804996 0.021616249982007715 90
1762057842159 0.021558588592218007 91
1762057878905 0.021420867783187632 92
1762057915725 0.021419861350839717 93
1762057952522 0.021394784435431823 94
1762057989043 0.021301076105761766 95
1762058025706 0.02133281303452099 96
1762058062537 0.021352077748292307 97
1762058100214 0.02124825273934393 98
1762058137658 0.021078713050118318 99
