1762054496634 1446572.5364428007 0
1762054533476 19077.969423679697 1
1762054569937 6.723093493198635 2
1762054606443 1.0184134494426638 3
1762054642998 0.9713346314984699 4
1762054679702 1.1335481448823035 5
1762054716504 1.2671117071297477 6
1762054752839 1.38051677502667 7
1762054789356 1.4872512933819793 8
1762054825761 1.5754760433273063 9
1762054862129 1.6144708058366743 10
1762054898986 1.6387511578905225 11
1762054935585 1.6268916822351094 12
1762054972193 1.6128609806992287 13
1762055008899 1.5978608030021388 14
1762055045625 1.5864963434859367 15
1762055082248 1.5511359498350328 16
1762055119226 1.5326909301288896 17
1762055156001 1.5139185742286352 18
1762055192468 1.4873125526200102 19
1762055228881 1.4604150219217091 20
1762055265792 1.4466301371488857 21
1762055302508 1.4207969529288156 22
1762055339057 1.4058410866315976 23
1762055375752 1.3800986426217214 24
1762055412559 1.363313860117003 25
1762055449229 1.3508008582251412 26
1762055485835 1.3248507296920218 27
1762055522217 1.3114132299771737 28
1762055558553 1.2992134167110405 29
1762055594935 1.2835048563852658 30
1762055632069 1.2787565948955244 31
1762055669081 1.2494349162839973 32
1762055705765 1.2341950428446267 33
1762055742660 1.2315881343378974 34
1762055779492 1.223293734864143 35
1762055816138 1.2067229636879855 36
1762055852810 1.18941206179584 37
1762055889392 1.1743636963771427 38
1762055925959 1.177970144518982 39
1762055962640 1.162953063419887 40
1762055999640 1.1536420247879535 41
1762056036400 1.1422056629016153 42
1762056072959 1.129218311008821 43
1762056109675 1.115160988177176 44
1762056146443 1.10954483260348 45
1762056183048 1.0992487506612987 46
1762056219665 1.0840505278387735 47
1762056256069 1.0818059620271094 48
1762056292450 1.073449616020304 49
1762056329130 1.0643169285847103 50
1762056366176 1.0626259436243 51
1762056402994 1.0659134067174207 52
1762056439859 1.0580935093255535 53
1762056476830 1.0686312594683067 54
1762056513695 1.06054463497428 55
1762056550333 1.0673617071487578 56
1762056586966 1.0671698015789652 57
1762056623388 1.0702713800823174 58
1762056659769 1.0669611846885807 59
1762056696554 1.063255834025006 60
1762056733490 1.0701393388038458 61
1762056770214 1.0684555822036592 62
1762056806940 1.0730229356360197 63
1762056843774 1.069579363186098 64
1762056880756 1.0717900453611862 65
1762056917435 1.074357069528776 66
1762056954248 1.0796030703573132 67
1762056990934 1.080954937760616 68
1762057027654 1.0765324652789043 69
1762057064758 1.0818800460460574 70
1762057102044 1.0804718832636988 71
1762057138948 1.0870919094529263 72
1762057175888 1.0948807679933568 73
1762057212819 1.0934119596037755 74
1762057250219 1.09570026809591 75
1762057287674 1.0948277619193956 76
1762057324699 1.097888613301654 77
1762057361653 1.0923462379810422 78
1762057398630 1.095514728064553 79
1762057436097 1.0964732909123367 80
1762057473730 1.094608013653676 81
1762057510728 1.098192223995627 82
1762057547841 1.098092227362319 83
1762057584866 1.1033624218151814 84
1762057621604 1.0954410638524053 85
1762057658308 1.0971745742911911 86
1762057694738 1.105954027255112 87
1762057731281 1.1074582285263213 88
1762057768116 1.1089345474179797 89
1762057805000 1.1039884256762127 90
1762057842163 1.1015128357465878 91
1762057878910 1.1049113799567238 92
1762057915729 1.1077259231643424 93
1762057952526 1.1089234078049264 94
1762057989047 1.109540503365653 95
1762058025710 1.1082104526088878 96
1762058062541 1.118173929702404 97
1762058100218 1.1185419681460358 98
1762058137662 1.1106854939381545 99
