1762054496636 1.0000000000000002e-06 0
1762054533476 2.9800000000000003e-06 1
1762054569939 4.960000000000001e-06 2
1762054606445 6.940000000000001e-06 3
1762054643000 8.920000000000001e-06 4
1762054679703 1.0900000000000002e-05 5
1762054716506 1.2880000000000004e-05 6
1762054752841 1.4860000000000003e-05 7
1762054789356 1.6840000000000005e-05 8
1762054825764 1.8820000000000006e-05 9
1762054862130 2.0800000000000008e-05 10
1762054898988 2.2780000000000006e-05 11
1762054935587 2.4760000000000007e-05 12
1762054972196 2.6740000000000008e-05 13
1762055008901 2.872000000000001e-05 14
1762055045628 3.0700000000000014e-05 15
1762055082250 3.268000000000001e-05 16
1762055119228 3.466000000000001e-05 17
1762055156003 3.664000000000001e-05 18
1762055192469 3.862000000000001e-05 19
1762055228882 4.060000000000001e-05 20
1762055265794 4.258000000000001e-05 21
1762055302510 4.456000000000001e-05 22
1762055339059 4.6540000000000005e-05 23
1762055375754 4.852e-05 24
1762055412561 5.050000000000001e-05 25
1762055449231 5.248000000000001e-05 26
1762055485837 5.446000000000002e-05 27
1762055522220 5.6440000000000015e-05 28
1762055558555 5.842000000000001e-05 29
1762055594937 6.040000000000001e-05 30
1762055632070 6.238000000000001e-05 31
1762055669083 6.436e-05 32
1762055705766 6.634e-05 33
1762055742661 6.832000000000001e-05 34
1762055779494 7.03e-05 35
1762055816140 7.228e-05 36
1762055852813 7.426000000000001e-05 37
1762055889394 7.624e-05 38
1762055925961 7.822e-05 39
1762055962642 8.020000000000001e-05 40
1762055999642 8.218e-05 41
1762056036402 8.416e-05 42
1762056072960 8.613999999999999e-05 43
1762056109677 8.811999999999998e-05 44
1762056146445 9.009999999999997e-05 45
1762056183050 9.207999999999996e-05 46
1762056219671 9.405999999999995e-05 47
1762056256070 9.603999999999995e-05 48
1762056292452 9.801999999999996e-05 49
1762056329131 9.999999999999996e-05 50
1762056366178 9.999999999999996e-05 51
1762056402995 9.999999999999996e-05 52
1762056439861 9.999999999999996e-05 53
1762056476831 9.999999999999996e-05 54
1762056513697 9.999999999999996e-05 55
1762056550335 9.999999999999996e-05 56
1762056586966 9.999999999999996e-05 57
1762056623388 9.999999999999996e-05 58
1762056659781 9.999999999999996e-05 59
1762056696556 9.999999999999996e-05 60
1762056733492 9.999999999999996e-05 61
1762056770216 9.999999999999996e-05 62
1762056806940 9.999999999999996e-05 63
1762056843780 9.999999999999996e-05 64
1762056880757 9.999999999999996e-05 65
1762056917437 9.999999999999996e-05 66
1762056954250 9.999999999999996e-05 67
1762056990936 9.999999999999996e-05 68
1762057027656 9.999999999999996e-05 69
1762057064760 9.999999999999996e-05 70
1762057102048 9.999999999999996e-05 71
1762057138948 9.999999999999996e-05 72
1762057175891 9.999999999999996e-05 73
1762057212821 9.999999999999996e-05 74
1762057250221 9.999999999999996e-05 75
1762057287675 9.999999999999996e-05 76
1762057324701 9.999999999999996e-05 77
1762057361655 9.999999999999996e-05 78
1762057398631 9.999999999999996e-05 79
1762057436098 9.999999999999996e-05 80
1762057473731 9.999999999999996e-05 81
1762057510729 9.999999999999996e-05 82
1762057547843 9.999999999999996e-05 83
1762057584868 9.999999999999996e-05 84
1762057621605 9.999999999999996e-05 85
1762057658310 9.999999999999996e-05 86
1762057694740 9.999999999999996e-05 87
1762057731283 9.999999999999996e-05 88
1762057768118 9.999999999999996e-05 89
1762057805002 9.999999999999996e-05 90
1762057842165 9.999999999999996e-05 91
1762057878912 9.999999999999996e-05 92
1762057915730 9.999999999999996e-05 93
1762057952527 9.999999999999996e-05 94
1762057989048 9.999999999999996e-05 95
1762058025712 9.999999999999996e-05 96
1762058062543 9.999999999999996e-05 97
1762058100220 9.999999999999996e-05 98
1762058137665 9.999999999999996e-05 99
