1762054496631 0.10095523430956559 0
1762054533475 0.09662668705976683 1
1762054569936 0.08420441975922284 2
1762054606441 0.06937265784241432 3
1762054642996 0.05718911040660947 4
1762054679700 0.04839953076948359 5
1762054716503 0.04220623074971956 6
1762054752837 0.03833039740836897 7
1762054789356 0.035402959577763994 8
1762054825757 0.033624160797195976 9
1762054862127 0.03222790000545622 10
1762054898985 0.031353463554303115 11
1762054935584 0.030495469183026754 12
1762054972191 0.02953066466951687 13
1762055008897 0.028882922878198054 14
1762055045623 0.027846739465909147 15
1762055082246 0.027116520606303134 16
1762055119224 0.02650192422278696 17
1762055155999 0.026111265083781112 18
1762055192466 0.02589251699538722 19
1762055228879 0.025546187301014746 20
1762055265790 0.0250895110327144 21
1762055302506 0.024948568637188882 22
1762055339055 0.024874467007890096 23
1762055375750 0.024649719864229033 24
1762055412557 0.024365395611999834 25
1762055449227 0.02433274903418218 26
1762055485833 0.02434374505895317 27
1762055522216 0.02419494526627848 28
1762055558551 0.02428374007542268 29
1762055594934 0.02419623778111911 30
1762055632067 0.024001600098273287 31
1762055669080 0.02428884715510167 32
1762055705763 0.023933813891735583 33
1762055742658 0.024194276369984363 34
1762055779490 0.02401987804576408 35
1762055816137 0.023915589344610407 36
1762055852809 0.02387087435965918 37
1762055889391 0.023962434002529346 38
1762055925957 0.023852870727199257 39
1762055962639 0.023906816277294064 40
1762055999638 0.023914158388823766 41
1762056036398 0.023888907306812136 42
1762056072957 0.02398717161701169 43
1762056109673 0.023819417365365646 44
1762056146441 0.023904147124122147 45
1762056183047 0.023824226341374294 46
1762056219665 0.023880240185019184 47
1762056256068 0.02393173308071504 48
1762056292448 0.02389874536036653 49
1762056329128 0.0239274020012827 50
1762056366174 0.023878642773113377 51
1762056402992 0.023691515938883207 52
1762056439857 0.023451526299663555 53
1762056476828 0.02361307651101553 54
1762056513693 0.02348979291230737 55
1762056550331 0.023357993041310594 56
1762056586966 0.023212851473807892 57
1762056623388 0.023064923616887327 58
1762056659769 0.022984654651923828 59
1762056696553 0.0229437979625111 60
1762056733488 0.02277595817027892 61
1762056770212 0.022790383775269867 62
1762056806938 0.022616967947479104 63
1762056843774 0.022672615816624855 64
1762056880754 0.022416853051991557 65
1762056917432 0.022186102960691897 66
1762056954246 0.022442711360034753 67
1762056990933 0.02230141379211432 68
1762057027653 0.021940971816893036 69
1762057064756 0.021819869928878802 70
1762057102044 0.021927100264055786 71
1762057138944 0.021729720198236827 72
1762057175887 0.021686143972647943 73
1762057212817 0.02160352993744156 74
1762057250217 0.021619122841726506 75
1762057287672 0.02134597101480858 76
1762057324697 0.021438660692931013 77
1762057361651 0.021322179234206082 78
1762057398628 0.02123612405800344 79
1762057436095 0.02113169175495341 80
1762057473728 0.021119287617479846 81
1762057510726 0.02112161607738349 82
1762057547839 0.020783560437171958 83
1762057584865 0.020769307769810244 84
1762057621602 0.020723893528067788 85
1762057658307 0.020772585795072226 86
1762057694736 0.02076971722500665 87
1762057731279 0.020557706097629774 88
1762057768115 0.020629098375275285 89
1762057804998 0.020512261526331156 90
1762057842161 0.0204570756872429 91
1762057878908 0.020315956349091672 92
1762057915727 0.020312135419081216 93
1762057952524 0.02028586094908144 94
1762057989045 0.02019153552197935 95
1762058025709 0.02022460256502082 96
1762058062539 0.02023390373369784 97
1762058100216 0.0201297106734938 98
1762058137661 0.01996802748289219 99
