1763442898158 4.319713711738586 0
1763442901521 1.7684106230735779 1
1763442904709 1.0637640357017517 2
1763442907730 1.117993175983429 3
1763442910908 0.8803758919239044 4
1763442913928 0.8453703224658966 5
1763442917295 0.8412987589836121 6
1763442920314 0.9880822598934174 7
1763442923534 0.70756396651268 8
1763442926550 0.7108913362026215 9
1763442929698 0.7000783383846283 10
1763442932942 0.6576254367828369 11
1763442936180 0.7260740399360657 12
1763442939223 0.6109965741634369 13
1763442942487 0.6153196692466736 14
1763442945706 0.7600354552268982 15
1763442948954 0.5460213124752045 16
1763442951974 0.5293689668178558 17
1763442955124 0.7722370326519012 18
1763442958128 0.521417960524559 19
1763442961292 0.5107330530881882 20
1763442964563 0.4447006732225418 21
1763442967703 0.5078271776437759 22
1763442970707 0.626155897974968 23
1763442973924 0.458041712641716 24
