1763442898160 5.857604742050171 0
1763442901523 2.666422486305237 1
1763442904712 2.460583209991455 2
1763442907733 2.081929326057434 3
1763442910909 2.6196160316467285 4
1763442913930 2.0150779485702515 5
1763442917299 2.108088970184326 6
1763442920316 2.0276671648025513 7
1763442923535 1.8143901228904724 8
1763442926553 2.1200883388519287 9
1763442929700 1.791157603263855 10
1763442932944 1.8650561571121216 11
1763442936182 1.7477718591690063 12
1763442939225 1.834994614124298 13
1763442942489 1.9489142894744873 14
1763442945708 1.6825855374336243 15
1763442948956 1.710998296737671 16
1763442951976 1.5671765804290771 17
1763442955126 1.668094515800476 18
1763442958130 1.6609097719192505 19
1763442961294 1.8238475322723389 20
1763442964566 1.4229971170425415 21
1763442967705 1.8879425525665283 22
1763442970709 1.5156502723693848 23
1763442973925 1.4281833171844482 24
