1763442898164 -0.0564388632774353 0
1763442901526 -0.026802584528923035 1
1763442904715 -0.023673534393310547 2
1763442907737 0.019048089860007167 3
1763442910913 0.0964437834918499 4
1763442913934 -0.19695995002985 5
1763442917299 -0.02991223707795143 6
1763442920320 0.32176122814416885 7
1763442923540 0.06311221700161695 8
1763442926557 -0.20962487161159515 9
1763442929704 -0.03595566609874368 10
1763442932949 0.12005222216248512 11
1763442936185 -0.15612320601940155 12
1763442939228 0.16167189367115498 13
1763442942493 0.0006898706778883934 14
1763442945712 -0.016336925327777863 15
1763442948960 -0.14063064008951187 16
1763442951980 0.11431435134727508 17
1763442955129 0.034131801687180996 18
1763442958134 -0.12261740863323212 19
1763442961298 0.06878428440541029 20
1763442964569 -0.0576937235891819 21
1763442967709 0.04294560011476278 22
1763442970712 0.23686426132917404 23
1763442973930 -0.1665361151099205 24
