1763442898162 0.549791157245636 0
1763442901525 1.3624365627765656 1
1763442904713 0.6451409012079239 2
1763442907735 1.236128330230713 3
1763442910911 0.9081961512565613 4
1763442913932 1.0389469265937805 5
1763442917299 0.9746659100055695 6
1763442920318 0.929999589920044 7
1763442923538 1.0815079808235168 8
1763442926555 0.9775277376174927 9
1763442929702 0.9447533190250397 10
1763442932946 1.194364845752716 11
1763442936183 0.9078819155693054 12
1763442939227 0.9374369978904724 13
1763442942491 0.9378511905670166 14
1763442945710 1.1124340295791626 15
1763442948958 1.0442548990249634 16
1763442951978 0.8568088114261627 17
1763442955127 0.9238075613975525 18
1763442958132 1.2515355944633484 19
1763442961296 0.9580981135368347 20
1763442964568 0.9083161652088165 21
1763442967707 0.869098961353302 22
1763442970711 1.0450192093849182 23
1763442973928 1.0916488766670227 24
