1763442898166 1.496241219341755 0
1763442901528 0.5788897695019841 1
1763442904717 1.1143825054168701 2
1763442907738 0.8818433880805969 3
1763442910915 1.0843604803085327 4
1763442913936 1.1403576135635376 5
1763442917305 0.8336069285869598 6
1763442920322 0.9374432265758514 7
1763442923541 0.9349704682826996 8
1763442926559 1.1955280900001526 9
1763442929706 1.0593519508838654 10
1763442932950 0.8683232069015503 11
1763442936187 1.0027776956558228 12
1763442939230 0.9830230474472046 13
1763442942495 1.139496088027954 14
1763442945713 0.9601766467094421 15
1763442948962 0.9073874354362488 16
1763442951982 1.1170280575752258 17
1763442955131 1.0807941257953644 18
1763442958136 0.7764591574668884 19
1763442961300 1.0384836196899414 20
1763442964571 1.1765867471694946 21
1763442967711 0.9183156490325928 22
1763442970715 0.7204596400260925 23
1763442973932 1.3114112615585327 24
