1762129337530 0.7259557048743746 0
1762129374570 103.79840320380423 1
1762129411560 0.6789394229749508 2
1762129448392 0.6529987730061096 3
1762129485281 0.6304810772306499 4
1762129521930 0.6101569401069337 5
1762129558830 0.5952523110316837 6
1762129595693 0.5857141164450155 7
1762129632435 0.5787651462016311 8
1762129669276 0.5739809098433815 9
1762129705885 0.5696149632780259 10
1762129742510 0.5672573319701262 11
1762129779318 0.5658522084305849 12
1762129816274 0.5640564150192413 13
1762129853149 0.5627916912699855 14
1762129889943 0.5609320868685396 15
1762129926916 0.559685749825449 16
1762129963855 0.5583486012842171 17
1762130000483 0.5567420565408726 18
1762130037234 0.5562623215276141 19
1762130073728 0.5542617483392507 20
1762130110403 0.5539189190167525 21
1762130147392 0.5534036275160273 22
1762130184291 0.5521415637577095 23
1762130220955 0.5515843970038962 24
1762130257730 0.5508538269125346 25
1762130294900 0.5507814275861974 26
1762130334626 0.550138345271646 27
1762130385955 0.5501242842785148 28
1762130431416 0.5491807635836427 29
1762130467408 0.5488541609029041 30
1762130503855 0.5489405972220969 31
1762130540200 0.5483144377553186 32
1762130576334 0.5481988171406362 33
1762130612498 0.5480381319293152 34
1762130648736 0.5479258613729001 35
1762130684832 0.5479653381826077 36
1762130720831 0.547764569105104 37
1762130756845 0.547346081844596 38
1762130792901 0.5465651447194755 39
1762130828976 0.546874702055985 40
1762130865530 0.5466061342990279 41
1762130901716 0.5465327313968114 42
1762130937862 0.5466271316886344 43
1762130974068 0.5465115758271708 44
1762131010282 0.5468353191483456 45
1762131046499 0.5465359726221458 46
1762131082603 0.5462280317794445 47
1762131118723 0.5459420578820365 48
1762131154780 0.5464612720812674 49
1762131190859 0.5457788698300967 50
1762131227351 0.5459131588175448 51
1762131263645 0.5452605365518716 52
1762131299867 0.545239876116629 53
1762131336092 0.5451405418275599 54
1762131372336 0.5443940420483434 55
1762131408469 0.5443067891653194 56
1762131444580 0.54384031050229 57
1762131480690 0.544010629091548 58
1762131516691 0.5435244653708119 59
1762131552759 0.5434708008338447 60
1762131589230 0.5428644699907779 61
1762131625503 0.5425868093373372 62
1762131661903 0.5423874020576477 63
1762131698454 0.5421542929256478 64
1762131743295 0.5419608559719352 65
1762131793833 0.5418140923065997 66
1762131844564 0.5417108054176913 67
1762131895365 0.5416300695203864 68
1762131946098 0.5413512414476008 69
1762131996760 0.5411384952028725 70
1762132047828 0.5404502012008845 71
1762132098636 0.5404679377213665 72
1762132149310 0.5402159632242399 73
1762132199961 0.5396384838807623 74
1762132250709 0.539627855917148 75
1762132301257 0.5392671921720537 76
1762132351868 0.5393595424601406 77
1762132402513 0.5393471027529517 78
1762132453295 0.5384177154084773 79
1762132505153 0.5387392052780354 80
1762132556290 0.5383213101431381 81
1762132607021 0.5377678302039339 82
1762132657680 0.5383042380659288 83
1762132708524 0.5376914342772525 84
1762132759241 0.5377508574942022 85
1762132809866 0.5374659453911639 86
1762132860623 0.5374722575032433 87
1762132911492 0.5370544484683446 88
1762132962524 0.5370416586581259 89
1762133004639 0.5364531684555485 90
1762133041145 0.5366485367185649 91
1762133077352 0.5363910625147265 92
1762133113465 0.5362815327818607 93
1762133149732 0.5361676386820518 94
1762133185840 0.5364371810640608 95
1762133221904 0.5358111968864239 96
1762133257918 0.535706140630665 97
1762133293904 0.5355451838914738 98
1762133329823 0.535685201103109 99
