1762129337535 121109.93154049086 0
1762129374574 10309.00286508359 1
1762129411564 0.26704623175419845 2
1762129448396 0.22912361382249977 3
1762129485284 0.2549729304456236 4
1762129521935 0.2928847551345825 5
1762129558834 0.3390227934054758 6
1762129595698 0.3773528916891231 7
1762129632439 0.4156467909432725 8
1762129669280 0.4429536401235384 9
1762129705890 0.46594750611885044 10
1762129742513 0.48153856757075286 11
1762129779322 0.49436821941521475 12
1762129816277 0.5007941731582845 13
1762129853153 0.5074569284915924 14
1762129889947 0.5169574662300439 15
1762129926920 0.5235557753184309 16
1762129963859 0.5302173504005635 17
1762130000487 0.5371601591078546 18
1762130037238 0.5419213270032128 19
1762130073732 0.5466082868385949 20
1762130110407 0.5532810612374366 21
1762130147395 0.5583970926132709 22
1762130184296 0.5622210052322312 23
1762130220959 0.5671224010347132 24
1762130257734 0.563510222609257 25
1762130294908 0.5709332271271765 26
1762130334634 0.5721417446469151 27
1762130385964 0.5725308914517248 28
1762130431420 0.5766398202937306 29
1762130467412 0.5722351654027388 30
1762130503859 0.5757307060335166 31
1762130540204 0.575344721225409 32
1762130576338 0.5778618741273088 33
1762130612502 0.5818588532482667 34
1762130648739 0.5804250044680117 35
1762130684836 0.5787161416785661 36
1762130720835 0.5811285184467354 37
1762130756849 0.5823008172535817 38
1762130792905 0.5771540189502247 39
1762130828980 0.5805039301267098 40
1762130865534 0.5786025473445753 41
1762130901720 0.5793415599883197 42
1762130937866 0.5807967173696752 43
1762130974072 0.5810153028893709 44
1762131010286 0.5824688699950411 45
1762131046503 0.577172110959937 46
1762131082607 0.5776637211986554 47
1762131118727 0.5810022803240045 48
1762131154784 0.5833900381164298 49
1762131190863 0.5796875820603482 50
1762131227355 0.5794759314717645 51
1762131263649 0.5853574282307166 52
1762131299871 0.5797150640194598 53
1762131336096 0.5834853098638034 54
1762131372340 0.5864290581193081 55
1762131408473 0.5820481282532017 56
1762131444584 0.5812065843727897 57
1762131480694 0.5837976274300255 58
1762131516694 0.5852862844831523 59
1762131552763 0.5841662901580532 60
1762131589233 0.585491131310447 61
1762131625507 0.5878585260571831 62
1762131661907 0.5872429338404507 63
1762131698458 0.5856728052776121 64
1762131743304 0.5897812368069772 65
1762131793842 0.5889479918733388 66
1762131844572 0.5920154496284814 67
1762131895373 0.5893966368266514 68
1762131946107 0.5900660586515535 69
1762131996769 0.5916606617132295 70
1762132047837 0.5892638200937316 71
1762132098645 0.5927423176179296 72
1762132149319 0.594407012058651 73
1762132199970 0.5912144138171427 74
1762132250717 0.5891554537009559 75
1762132301266 0.593537783939577 76
1762132351877 0.5941770570222722 77
1762132402522 0.5941611369186858 78
1762132453304 0.5957497728227381 79
1762132505162 0.5963086656161717 80
1762132556299 0.5936755744325758 81
1762132607030 0.5962560317445039 82
1762132657689 0.5946991864232922 83
1762132708533 0.5952112681049841 84
1762132759250 0.5989942044910799 85
1762132809875 0.5988126369805827 86
1762132860632 0.5960645707738756 87
1762132911501 0.5961907486582911 88
1762132962532 0.6011046269803348 89
1762133004643 0.5979874799417895 90
1762133041149 0.597817442266648 91
1762133077356 0.6013000857394399 92
1762133113469 0.6006968502190422 93
1762133149736 0.5977855609500923 94
1762133185844 0.6009150796554413 95
1762133221907 0.5987623548982943 96
1762133257922 0.6010756230829563 97
1762133293909 0.5997635744734856 98
1762133329827 0.6041188959267448 99
