1762129337537 1.0000000000000002e-06 0
1762129374575 2.9800000000000003e-06 1
1762129411566 4.960000000000001e-06 2
1762129448398 6.940000000000001e-06 3
1762129485286 8.920000000000001e-06 4
1762129521936 1.0900000000000002e-05 5
1762129558836 1.2880000000000004e-05 6
1762129595700 1.4860000000000003e-05 7
1762129632441 1.6840000000000005e-05 8
1762129669282 1.8820000000000006e-05 9
1762129705892 2.0800000000000008e-05 10
1762129742515 2.2780000000000006e-05 11
1762129779324 2.4760000000000007e-05 12
1762129816279 2.6740000000000008e-05 13
1762129853155 2.872000000000001e-05 14
1762129889948 3.0700000000000014e-05 15
1762129926922 3.268000000000001e-05 16
1762129963860 3.466000000000001e-05 17
1762130000488 3.664000000000001e-05 18
1762130037239 3.862000000000001e-05 19
1762130073733 4.060000000000001e-05 20
1762130110409 4.258000000000001e-05 21
1762130147398 4.456000000000001e-05 22
1762130184297 4.6540000000000005e-05 23
1762130220960 4.852e-05 24
1762130257736 5.050000000000001e-05 25
1762130294913 5.248000000000001e-05 26
1762130334638 5.446000000000002e-05 27
1762130385968 5.6440000000000015e-05 28
1762130431422 5.842000000000001e-05 29
1762130467414 6.040000000000001e-05 30
1762130503861 6.238000000000001e-05 31
1762130540206 6.436e-05 32
1762130576340 6.634e-05 33
1762130612504 6.832000000000001e-05 34
1762130648741 7.03e-05 35
1762130684838 7.228e-05 36
1762130720836 7.426000000000001e-05 37
1762130756851 7.624e-05 38
1762130792907 7.822e-05 39
1762130828982 8.020000000000001e-05 40
1762130865536 8.218e-05 41
1762130901722 8.416e-05 42
1762130937868 8.613999999999999e-05 43
1762130974074 8.811999999999998e-05 44
1762131010288 9.009999999999997e-05 45
1762131046505 9.207999999999996e-05 46
1762131082609 9.405999999999995e-05 47
1762131118729 9.603999999999995e-05 48
1762131154785 9.801999999999996e-05 49
1762131190864 9.999999999999996e-05 50
1762131227357 9.999999999999996e-05 51
1762131263651 9.999999999999996e-05 52
1762131299872 9.999999999999996e-05 53
1762131336098 9.999999999999996e-05 54
1762131372342 9.999999999999996e-05 55
1762131408475 9.999999999999996e-05 56
1762131444585 9.999999999999996e-05 57
1762131480696 9.999999999999996e-05 58
1762131516696 9.999999999999996e-05 59
1762131552764 9.999999999999996e-05 60
1762131589235 9.999999999999996e-05 61
1762131625509 9.999999999999996e-05 62
1762131661909 9.999999999999996e-05 63
1762131698460 9.999999999999996e-05 64
1762131743308 9.999999999999996e-05 65
1762131793846 9.999999999999996e-05 66
1762131844576 9.999999999999996e-05 67
1762131895377 9.999999999999996e-05 68
1762131946111 9.999999999999996e-05 69
1762131996772 9.999999999999996e-05 70
1762132047841 9.999999999999996e-05 71
1762132098649 9.999999999999996e-05 72
1762132149323 9.999999999999996e-05 73
1762132199975 9.999999999999996e-05 74
1762132250721 9.999999999999996e-05 75
1762132301270 9.999999999999996e-05 76
1762132351881 9.999999999999996e-05 77
1762132402526 9.999999999999996e-05 78
1762132453308 9.999999999999996e-05 79
1762132505166 9.999999999999996e-05 80
1762132556303 9.999999999999996e-05 81
1762132607034 9.999999999999996e-05 82
1762132657693 9.999999999999996e-05 83
1762132708537 9.999999999999996e-05 84
1762132759254 9.999999999999996e-05 85
1762132809879 9.999999999999996e-05 86
1762132860636 9.999999999999996e-05 87
1762132911505 9.999999999999996e-05 88
1762132962535 9.999999999999996e-05 89
1762133004644 9.999999999999996e-05 90
1762133041151 9.999999999999996e-05 91
1762133077357 9.999999999999996e-05 92
1762133113471 9.999999999999996e-05 93
1762133149738 9.999999999999996e-05 94
1762133185845 9.999999999999996e-05 95
1762133221910 9.999999999999996e-05 96
1762133257923 9.999999999999996e-05 97
1762133293911 9.999999999999996e-05 98
1762133329828 9.999999999999996e-05 99
