1762129337533 0.7259557048743746 0
1762129374572 0.7083708257374177 1
1762129411562 0.6762689593622455 2
1762129448395 0.6507075362823335 3
1762129485283 0.6279313479547088 4
1762129521933 0.6072280934482713 5
1762129558832 0.5918620836695168 6
1762129595696 0.5819405875728771 7
1762129632437 0.5746086780811069 8
1762129669278 0.56955137328056 9
1762129705888 0.5649554894612081 10
1762129742512 0.5624419461849124 11
1762129779320 0.5609085264792077 12
1762129816276 0.5590484731617164 13
1762129853151 0.5577171213999144 14
1762129889945 0.5557625120264351 15
1762129926918 0.5544501927207871 16
1762129963857 0.5530464274542672 17
1762130000485 0.551370455299897 18
1762130037236 0.550843105522105 19
1762130073730 0.5487956652213569 20
1762130110405 0.5483861085980437 21
1762130147394 0.5478196555197833 22
1762130184294 0.5465193536986545 23
1762130220957 0.5459131729563209 24
1762130257732 0.5452187251807051 25
1762130294904 0.5450720944673912 26
1762130334630 0.544416927261606 27
1762130385960 0.5443989752931057 28
1762130431418 0.5434143628788944 29
1762130467410 0.5431318092583818 30
1762130503857 0.5431832906415692 31
1762130540202 0.542560990466628 32
1762130576336 0.5424201991470945 33
1762130612500 0.5422195430609871 34
1762130648738 0.5421216114018843 35
1762130684834 0.542178177437513 36
1762130720833 0.5419532813899145 37
1762130756847 0.5415230749057377 38
1762130792903 0.5407936034804562 39
1762130828978 0.5410696636006682 40
1762130865532 0.5408201082996356 41
1762130901718 0.5407393167185229 42
1762130937864 0.5408191644472141 43
1762130974070 0.540701423649772 44
1762131010284 0.5410106298535369 45
1762131046502 0.5407642525295878 46
1762131082605 0.540451395590836 47
1762131118725 0.5401320352110752 48
1762131154782 0.5406273731757636 49
1762131190861 0.5399819953497066 50
1762131227353 0.5401184000842199 51
1762131263647 0.5394069624105561 52
1762131299869 0.539442725831092 53
1762131336094 0.539305689089322 54
1762131372338 0.538529751348337 55
1762131408471 0.5384863089485422 56
1762131444582 0.5380282435306283 57
1762131480692 0.5381726521590223 58
1762131516693 0.537671601257451 59
1762131552761 0.5376291381164247 60
1762131589232 0.5370095577350883 61
1762131625506 0.5367082250078651 62
1762131661905 0.5365149719770564 63
1762131698456 0.5362975650451508 64
1762131743300 0.5360630433028719 65
1762131793838 0.5359246111787435 66
1762131844568 0.5357906517000294 67
1762131895369 0.5357361044598576 68
1762131946103 0.535450580706232 69
1762131996764 0.5352218884566298 70
1762132047833 0.5345575626506361 71
1762132098641 0.5345405141380538 72
1762132149314 0.5342718931131585 73
1762132199966 0.5337263395619947 74
1762132250713 0.5337363014981596 75
1762132301262 0.533331813527104 76
1762132351873 0.5334177697615766 77
1762132402517 0.5334054906106867 78
1762132453299 0.5324602180145112 79
1762132505158 0.5327761181961262 80
1762132556295 0.5323845551655538 81
1762132607026 0.5318052686330091 82
1762132657684 0.5323572447925707 83
1762132708529 0.5317393212619413 84
1762132759246 0.5317609157673148 85
1762132809871 0.5314778189326441 86
1762132860627 0.5315116108057902 87
1762132911497 0.5310925400534342 88
1762132962528 0.5310306112433589 89
1762133004641 0.5304732926264157 90
1762133041147 0.5306703599980503 91
1762133077354 0.5303780615923809 92
1762133113467 0.5302745646416547 93
1762133149734 0.5301897839058277 94
1762133185842 0.5304280320275265 95
1762133221906 0.5298235741168558 96
1762133257920 0.5296953844469647 97
1762133293907 0.5295475490069469 98
1762133329825 0.5296440117382925 99
