1763441671023 1.6973161697387695 0
1763441674523 1.9088202714920044 1
1763441677550 1.1780728101730347 2
1763441680741 0.8606282472610474 3
1763441683763 0.6304254531860352 4
1763441686969 0.5047318637371063 5
1763441690265 0.47056692838668823 6
1763441693524 0.42753010988235474 7
1763441696571 0.41032440960407257 8
1763441699625 0.40523411333560944 9
1763441702935 0.38896410167217255 10
1763441706200 0.3984861224889755 11
1763441709355 0.3814276307821274 12
1763441712428 0.3795657604932785 13
1763441715546 0.3733914792537689 14
1763441718768 0.37293633818626404 15
1763441722022 0.3688151389360428 16
1763441725155 0.3648892343044281 17
1763441728372 0.3645068407058716 18
1763441731413 0.36176586151123047 19
1763441734547 0.3585241287946701 20
1763441737811 0.35749198496341705 21
1763441740999 0.3603542894124985 22
1763441744048 0.36185242235660553 23
1763441747320 0.3587147295475006 24
