1763441671027 0.5726296454668045 0
1763441674527 0.7068250179290771 1
1763441677554 0.495911180973053 2
1763441680745 0.33598853647708893 3
1763441683767 0.21718988567590714 4
1763441686973 0.12856175005435944 5
1763441690268 0.1040467694401741 6
1763441693528 0.0681505836546421 7
1763441696574 0.055873533710837364 8
1763441699629 0.04867437668144703 9
1763441702939 0.03833085298538208 10
1763441706203 0.03595494665205479 11
1763441709359 0.028007584623992443 12
1763441712432 0.028258662670850754 13
1763441715549 0.021417279727756977 14
1763441718772 0.022620518691837788 15
1763441722026 0.015607055276632309 16
1763441725158 0.017813747748732567 17
1763441728376 0.013434185646474361 18
1763441731417 0.013995875604450703 19
1763441734551 0.010591402184218168 20
1763441737814 0.010723332408815622 21
1763441741002 0.011164678260684013 22
1763441744052 0.009345964528620243 23
1763441747323 0.009676388464868069 24
