1763441671021 0.8213539719581604 0
1763441674521 0.10371345654129982 1
1763441677548 0.13264542445540428 2
1763441680739 0.08849435672163963 3
1763441683761 0.054113296791911125 4
1763441686967 0.047095535323023796 5
1763441690263 0.026098116301000118 6
1763441693522 0.023085822351276875 7
1763441696569 0.016180158127099276 8
1763441699623 0.014670484699308872 9
1763441702933 0.01385329244658351 10
1763441706198 0.009931390639394522 11
1763441709353 0.011638118419796228 12
1763441712426 0.008826417848467827 13
1763441715543 0.007511646021157503 14
1763441718766 0.006673305295407772 15
1763441722020 0.0063856919296085835 16
1763441725153 0.005954209715127945 17
1763441728369 0.005273974966257811 18
1763441731410 0.005053886910900474 19
1763441734545 0.004588996758684516 20
1763441737809 0.00432880874723196 21
1763441740997 0.003815994132310152 22
1763441744046 0.0036874176003038883 23
1763441747317 0.0037427786737680435 24
