1763441671025 0.7057140469551086 0
1763441674525 0.9675363004207611 1
1763441677552 0.8771379292011261 2
1763441680743 0.8264632225036621 3
1763441683765 0.9050968289375305 4
1763441686971 0.8783754110336304 5
1763441690266 0.8985459506511688 6
1763441693526 0.8952948749065399 7
1763441696573 0.8848337829113007 8
1763441699627 0.899270623922348 9
1763441702937 0.8955686986446381 10
1763441706202 0.8994957804679871 11
1763441709357 0.8945891857147217 12
1763441712430 0.9011319279670715 13
1763441715547 0.8896057903766632 14
1763441718770 0.9015918970108032 15
1763441722024 0.8937745690345764 16
1763441725157 0.9100604951381683 17
1763441728373 0.8904073536396027 18
1763441731415 0.9099001586437225 19
1763441734549 0.8865075409412384 20
1763441737812 0.9020029008388519 21
1763441741000 0.8977543711662292 22
1763441744050 0.8905985951423645 23
1763441747322 0.9172184467315674 24
