1763441671029 0.5578059554100037 0
1763441674529 0.9067031443119049 1
1763441677556 0.8819338977336884 2
1763441680746 0.9183057546615601 3
1763441683768 0.9482607841491699 4
1763441686974 0.9548899233341217 5
1763441690270 0.9744688272476196 6
1763441693530 0.9775270819664001 7
1763441696576 0.9840330481529236 8
1763441699630 0.9855073988437653 9
1763441702940 0.9863258898258209 10
1763441706206 0.9901573657989502 11
1763441709361 0.9884907007217407 12
1763441712434 0.9912382066249847 13
1763441715551 0.9925390779972076 14
1763441718773 0.9933586120605469 15
1763441722028 0.9936489760875702 16
1763441725160 0.9940741956233978 17
1763441728377 0.9947492778301239 18
1763441731418 0.9949659109115601 19
1763441734553 0.9954281449317932 20
1763441737816 0.9956868886947632 21
1763441741003 0.996194988489151 22
1763441744053 0.9963233470916748 23
1763441747325 0.9962678253650665 24
