1763431611910 2.575080156326294 0
1763431615433 1.272439181804657 1
1763431618434 0.21680325269699097 2
1763431621676 0.276756189763546 3
1763431624673 0.17987419664859772 4
1763431627669 0.10836949944496155 5
1763431631089 0.07940340414643288 6
1763431634130 0.07026210054755211 7
1763431637266 0.06537200510501862 8
1763431640447 0.040492553263902664 9
1763431643494 0.055812206119298935 10
1763431646891 0.03841856401413679 11
1763431649947 0.037550561130046844 12
1763431653229 0.03455687128007412 13
1763431656446 0.03897463530302048 14
1763431659496 0.02734961360692978 15
1763431662770 0.02561201900243759 16
1763431666059 0.030380326323211193 17
1763431669113 0.02918744459748268 18
1763431672172 0.025351591408252716 19
1763431675458 0.023608592338860035 20
1763431678729 0.021580904722213745 21
1763431681869 0.018868531100451946 22
1763431685044 0.018888003192842007 23
1763431688240 0.016581430099904537 24
1763431611910 2.575080156326294 0
