1763431611908 2.4136338233947754 0
1763431615431 5.348123788833618 1
1763431618431 5.859650135040283 2
1763431621674 6.52881932258606 3
1763431624671 6.860856771469116 4
1763431627667 7.284775972366333 5
1763431631087 7.506333112716675 6
1763431634128 7.939430236816406 7
1763431637264 8.024384021759033 8
1763431640445 8.100625038146973 9
1763431643492 8.468554019927979 10
1763431646889 8.560733318328857 11
1763431649945 8.664170265197754 12
1763431653227 8.540736198425293 13
1763431656444 8.797420978546143 14
1763431659494 8.659039497375488 15
1763431662768 8.759411811828613 16
1763431666056 9.45792293548584 17
1763431669111 9.149458885192871 18
1763431672170 8.946388721466064 19
1763431675456 9.001606464385986 20
1763431678727 8.92210578918457 21
1763431681867 8.90024471282959 22
1763431685043 8.875693321228027 23
1763431688239 8.800714015960693 24
1763431611908 2.4136338233947754 0
