1763431611916 0.13263921439647675 0
1763431615439 0.009456242667511106 1
1763431618439 0.004842452006414533 2
1763431621681 0.002550235716626048 3
1763431624678 0.0017854876350611448 4
1763431627674 0.0011979682021774352 5
1763431631095 0.0008977361721917987 6
1763431634135 0.0005580522119998932 7
1763431637271 0.0005058204842498526 8
1763431640453 0.00046720112732145935 9
1763431643500 0.0003437459308770485 10
1763431646896 0.0002777264598989859 11
1763431649953 0.00024439833214273676 12
1763431653235 0.0002554046659497544 13
1763431656452 0.0002113912851200439 14
1763431659502 0.00022405315394280478 15
1763431662776 0.000193218766071368 16
1763431666065 0.00010000072143157013 17
1763431669118 0.00012702716048806906 18
1763431672177 0.00015599709149682894 19
1763431675463 0.0001531113011878915 20
1763431678735 0.00016130229778354988 21
1763431681874 0.00016696605598554015 22
1763431685050 0.00016788337961770594 23
1763431688245 0.0001783709740266204 24
1763431611916 0.13263921439647675 0
