1763431611914 0.737246572971344 0
1763431615436 0.6113974153995514 1
1763431618437 0.1799275130033493 2
1763431621679 0.21231894195079803 3
1763431624677 0.15457383543252945 4
1763431627673 0.09683162346482277 5
1763431631094 0.07312241941690445 6
1763431634133 0.06533578224480152 7
1763431637269 0.061487384140491486 8
1763431640451 0.037972960621118546 9
1763431643499 0.051746003329753876 10
1763431646895 0.035042296163737774 11
1763431649951 0.034444975666701794 12
1763431653233 0.03172623831778765 13
1763431656450 0.03617219254374504 14
1763431659500 0.0249796025454998 15
1763431662774 0.02350378967821598 16
1763431666063 0.028091577347368002 17
1763431669116 0.02709963545203209 18
1763431672175 0.0236071664839983 19
1763431675461 0.02204405888915062 20
1763431678733 0.02015042584389448 21
1763431681873 0.017431998625397682 22
1763431685048 0.01745888963341713 23
1763431688243 0.015170369297266006 24
1763431611914 0.737246572971344 0
