1763431611912 0.6643598079681396 0
1763431615435 1.0 1
1763431618435 1.0 2
1763431621678 0.9999999403953552 3
1763431624675 0.9999992847442627 4
1763431627671 0.9999946355819702 5
1763431631091 0.9999741911888123 6
1763431634131 0.999896913766861 7
1763431637267 0.9996822774410248 8
1763431640449 0.9991639256477356 9
1763431643497 0.9986388981342316 10
1763431646893 0.9981189966201782 11
1763431649950 0.9979531168937683 12
1763431653231 0.9980290532112122 13
1763431656448 0.9982126653194427 14
1763431659498 0.9982221722602844 15
1763431662772 0.9982814788818359 16
1763431666061 0.9983431398868561 17
1763431669115 0.9984568059444427 18
1763431672174 0.9986399114131927 19
1763431675460 0.998778223991394 20
1763431678731 0.9988425374031067 21
1763431681871 0.9987866878509521 22
1763431685046 0.9987815320491791 23
1763431688242 0.99873948097229 24
1763431611912 0.6643598079681396 0
