1762119614623 0.7525282627720373 0
1762119652650 68.97485331245436 1
1762119689483 0.7056313368965225 2
1762119726166 0.6858337929082471 3
1762119762819 0.6629895966314399 4
1762119799664 0.6370982244561281 5
1762119836490 0.6153428678496732 6
1762119873455 0.5980651434869861 7
1762119910469 0.5850953390035915 8
1762119947567 0.5759057958260723 9
1762119984400 0.568603250117001 10
1762120021360 0.5636159954673032 11
1762120058451 0.5596910711142707 12
1762120095772 0.557083897812422 13
1762120133171 0.5546169022389028 14
1762120170306 0.551977045551883 15
1762120207270 0.5499801228608799 16
1762120243962 0.5476458768907971 17
1762120281069 0.5461710497390392 18
1762120318234 0.5454753029782115 19
1762120355063 0.543408959371307 20
1762120392256 0.5427177201869876 21
1762120429447 0.541453062577105 22
1762120466653 0.541002913962963 23
1762120503684 0.5407512699646807 24
1762120540852 0.5391288188208774 25
1762120578094 0.5386692712473314 26
1762120615139 0.538314646898314 27
1762120651972 0.537650787949166 28
1762120688813 0.5373269083491987 29
1762120725554 0.5367024360305052 30
1762120762763 0.5360528187102258 31
1762120799909 0.536752035847534 32
1762120837133 0.5363661632981411 33
1762120873691 0.5356958905327756 34
1762120910353 0.5355102357674278 35
1762120946945 0.5352976723366798 36
1762120983527 0.5348065696681457 37
1762121020599 0.5346262108843984 38
1762121056941 0.5344006318982654 39
