1762119614627 10148619.428367924 0
1762119652654 682433.5000479762 1
1762119689488 8.11744289081358 2
1762119726170 1.768251936063418 3
1762119762823 1.0016431933621632 4
1762119799668 1.1530576019984147 5
1762119836494 1.293547815341886 6
1762119873459 1.41800534131123 7
1762119910473 1.5742658265801364 8
1762119947571 1.7244964577430903 9
1762119984404 1.8807634138981766 10
1762120021364 2.008144520604333 11
1762120058455 2.119053688556253 12
1762120095775 2.214167299460731 13
1762120133175 2.2993586076058423 14
1762120170309 2.370661793198696 15
1762120207274 2.4302201855618297 16
1762120243966 2.4957745032453063 17
1762120281073 2.52671468329192 18
1762120318238 2.5452819304608822 19
1762120355068 2.576349092084308 20
1762120392259 2.5904872111703865 21
1762120429451 2.616404344235544 22
1762120466657 2.6260473498474326 23
1762120503688 2.641788929720654 24
1762120540856 2.6373024989600196 25
1762120578098 2.6476153538472627 26
1762120615143 2.6528115589357295 27
1762120651976 2.6704574485157813 28
1762120688817 2.673764154522918 29
1762120725557 2.666087517152197 30
1762120762768 2.6645642161765366 31
1762120799912 2.672008684703282 32
1762120837137 2.6753306358755626 33
1762120873695 2.674989600831092 34
1762120910358 2.6795781148232494 35
1762120946949 2.6864370859342555 36
1762120983530 2.697430026095571 37
1762121020603 2.68537863576135 38
1762121056945 2.683606093428856 39
