1762119614629 1.0000000000000002e-06 0
1762119652656 2.9800000000000003e-06 1
1762119689490 4.960000000000001e-06 2
1762119726171 6.940000000000001e-06 3
1762119762825 8.920000000000001e-06 4
1762119799670 1.0900000000000002e-05 5
1762119836495 1.2880000000000004e-05 6
1762119873461 1.4860000000000003e-05 7
1762119910475 1.6840000000000005e-05 8
1762119947573 1.8820000000000006e-05 9
1762119984405 2.0800000000000008e-05 10
1762120021366 2.2780000000000006e-05 11
1762120058457 2.4760000000000007e-05 12
1762120095777 2.6740000000000008e-05 13
1762120133176 2.872000000000001e-05 14
1762120170311 3.0700000000000014e-05 15
1762120207276 3.268000000000001e-05 16
1762120243968 3.466000000000001e-05 17
1762120281074 3.664000000000001e-05 18
1762120318239 3.862000000000001e-05 19
1762120355069 4.060000000000001e-05 20
1762120392262 4.258000000000001e-05 21
1762120429453 4.456000000000001e-05 22
1762120466659 4.6540000000000005e-05 23
1762120503690 4.852e-05 24
1762120540858 5.050000000000001e-05 25
1762120578099 5.248000000000001e-05 26
1762120615145 5.446000000000002e-05 27
1762120651977 5.6440000000000015e-05 28
1762120688819 5.842000000000001e-05 29
1762120725559 6.040000000000001e-05 30
1762120762770 6.238000000000001e-05 31
1762120799915 6.436e-05 32
1762120837139 6.634e-05 33
1762120873697 6.832000000000001e-05 34
1762120910359 7.03e-05 35
1762120946950 7.228e-05 36
1762120983532 7.426000000000001e-05 37
1762121020604 7.624e-05 38
1762121056948 7.822e-05 39
