1762119614625 0.7525282627720373 0
1762119652653 0.7315061358518379 1
1762119689485 0.704819592922629 2
1762119726167 0.6856569680660666 3
1762119762821 0.6628894325902692 4
1762119799666 0.6369829192114035 5
1762119836492 0.6152135144832522 6
1762119873457 0.5979233436014169 7
1762119910471 0.5849379118098769 8
1762119947569 0.5757333476282037 9
1762119984402 0.5684151747298003 10
1762120021362 0.563415180844722 11
1762120058453 0.5594791649187918 12
1762120095774 0.5568624811315062 13
1762120133173 0.5543869656977859 14
1762120170308 0.5517399795823715 15
1762120207272 0.5497371011794208 16
1762120243964 0.5473963000053583 17
1762120281071 0.5459183771744915 18
1762120318236 0.5452207749468148 19
1762120355066 0.5431513243735431 20
1762120392258 0.542458672420527 21
1762120429449 0.5411914232165315 22
1762120466655 0.5407403089279352 23
1762120503686 0.5404870914462396 24
1762120540854 0.5388650875947009 25
1762120578096 0.5384045099895262 26
1762120615141 0.5380493641691747 27
1762120651974 0.5373837419126517 28
1762120688815 0.5370595296752018 29
1762120725555 0.5364358271871295 30
1762120762765 0.5357863632943544 31
1762120799911 0.5364848338092284 32
1762120837135 0.536098630166925 33
1762120873693 0.5354283920950271 34
1762120910356 0.5352422768887491 35
1762120946947 0.5350290290541031 36
1762120983528 0.5345368275610711 37
1762121020601 0.5343576730683792 38
1762121056944 0.5341322707971465 39
