1764452677894 0.726327158510685 0
1764452681270 0.1384716834872961 1
1764452684418 0.18791075912304223 2
1764452687574 0.1052346471697092 3
1764452690773 1.2654114067554474 4
1764452693901 0.042338987812399864 5
1764452697232 0.012719091897452017 6
1764452700370 1.8709628193391836e-06 7
1764452703489 7.837986171210787e-08 8
1764452706636 1.3018160771594012e-07 9
1764452709776 2.9136380931049644e-05 10
1764452713197 1.2240243929539929e-08 11
1764452716359 4.310692875009181e-05 12
1764452719528 2.0780792642227652e-08 13
1764452722637 1.5619706417169255e-07 14
1764452725760 7.475685670499388e-08 15
1764452729155 1.1038785263650652e-07 16
1764452732309 7.40914671837345e-08 17
1764452735414 8.484247970841352e-09 18
1764452738575 4.376196649502617e-08 19
1764452741706 6.541780095403738e-08 20
1764452745068 1.107361868868395e-06 21
1764452748211 4.186865965039033e-08 22
1764452751315 1.1133585577027816e-05 23
1764452754440 4.062003533533698e-08 24
1764452677894 0.726327158510685 0
