1764452677894 0.8427828550338745 0
1764452681286 0.9998995959758759 1
1764452684426 0.9859967231750488 2
1764452687577 0.9643579125404358 3
1764452690773 0.8781398236751556 4
1764452693902 0.9756917655467987 5
1764452697233 0.9927222728729248 6
1764452700372 0.9999981820583344 7
1764452703489 0.9999999403953552 8
1764452706636 0.9999999403953552 9
1764452709792 0.9999710023403168 10
1764452713199 1.0 11
1764452716359 0.9999570548534393 12
1764452719528 1.0 13
1764452722639 0.9999998509883881 14
1764452725760 0.9999999403953552 15
1764452729155 0.9999999403953552 16
1764452732309 0.9999999701976776 17
1764452735414 1.0 18
1764452738577 0.9999999701976776 19
1764452741708 0.9999999701976776 20
1764452745068 0.999998927116394 21
1764452748213 0.9999999701976776 22
1764452751315 0.9999889135360718 23
1764452754442 1.0 24
1764452677894 0.8427828550338745 0
