1764452677909 0.31183867901563644 0
1764452681286 0.10522463358938694 1
1764452684426 0.09362378134392202 2
1764452687579 0.015766023789183237 3
1764452690776 0.37177240848541265 4
1764452693904 5.003360970568772e-23 5
1764452697235 2.0010314978276986e-25 6
1764452700372 6.4157331346035856e-27 7
1764452703489 1.0317849972683848e-26 8
1764452706636 8.869137927717564e-27 9
1764452709794 2.07145132357379e-26 10
1764452713199 9.55874429991763e-27 11
1764452716359 5.730166015275883e-27 12
1764452719528 9.37873610210751e-27 13
1764452722639 4.942801365028666e-26 14
1764452725764 4.823669424607496e-26 15
1764452729155 2.8551674150971623e-26 16
1764452732309 1.7222338097447243e-26 17
1764452735430 2.959713209528719e-26 18
1764452738577 1.6503148863522406e-26 19
1764452741710 1.5054214758833535e-26 20
1764452745068 9.614424090167832e-27 21
1764452748213 1.1564381551355254e-26 22
1764452751331 9.189820247193006e-26 23
1764452754444 4.962596150034276e-26 24
1764452677909 0.31183867901563644 0
