1764452677894 15.629900932312012 0
1764452681270 15.534450054168701 1
1764452684418 18.796635627746582 2
1764452687574 15.959455966949463 3
1764452690771 48.30761528015137 4
1764452693898 60.58090400695801 5
1764452697228 63.086748123168945 6
1764452700368 63.938737869262695 7
1764452703487 63.9992733001709 8
1764452706620 63.90386772155762 9
1764452709776 63.94186782836914 10
1764452713195 63.88665771484375 11
1764452716359 63.87771034240723 12
1764452719528 63.847890853881836 13
1764452722634 63.99953842163086 14
1764452725758 63.774423599243164 15
1764452729155 63.974931716918945 16
1764452732309 63.838478088378906 17
1764452735414 63.9623908996582 18
1764452738572 63.90303421020508 19
1764452741704 64.04451370239258 20
1764452745068 63.830514907836914 21
1764452748209 63.97280502319336 22
1764452751315 63.78479194641113 23
1764452754437 63.894243240356445 24
1764452677894 15.629900932312012 0
