1764452677909 6.146223512359938e-07 0
1764452681286 3.4220485565228387e-06 1
1764452684426 1.1226371517264466e-06 2
1764452687581 1.8942778758912482e-06 3
1764452690778 7.226640143988153e-19 4
1764452693904 2.533742649628159e-25 5
1764452697237 8.665798051596165e-26 6
1764452700374 5.1763270152439264e-27 7
1764452703489 9.82880089302153e-27 8
1764452706636 8.743109309202741e-27 9
1764452709796 2.0639048752354996e-26 10
1764452713201 9.551346803001239e-27 11
1764452716359 5.728635671342073e-27 12
1764452719528 9.379677881850316e-27 13
1764452722639 4.9446977126891074e-26 14
1764452725764 4.8248869204811396e-26 15
1764452729155 2.854712125258309e-26 16
1764452732309 1.7223654663157226e-26 17
1764452735430 2.9595078283594496e-26 18
1764452738579 1.6504000894929803e-26 19
1764452741712 1.505709864633226e-26 20
1764452745081 9.61546447752379e-27 21
1764452748215 1.1564262336291696e-26 22
1764452751331 9.189279446064622e-26 23
1764452754444 4.963354041985991e-26 24
1764452677909 6.146223512359938e-07 0
