1761971807754 0.06050211558013263 0
1761971844166 0.0351715761908265 1
1761971882102 0.02947162797680725 2
1761971918153 0.026273486136994092 3
1761971954101 0.02391452706632424 4
1761971990113 0.02270864175007589 5
1761972025982 0.021895934782451967 6
1761972061668 0.020769279029381235 7
1761972097585 0.019947946231280055 8
1761972133530 0.01913424395891123 9
1761972169460 0.018297410230353424 10
1761972206226 0.017425125374449447 11
1761972242162 0.016718375117230257 12
1761972277846 0.01591623496152832 13
1761972313412 0.015212519105486695 14
1761972349159 0.014538554777932722 15
1761972384681 0.014046868565569684 16
1761972420064 0.013590355377112116 17
1761972455645 0.012914917702195652 18
1761972491452 0.012443308220353238 19
1761972527087 0.01213234104711154 20
1761972562743 0.011695202204872208 21
1761972598395 0.01153943354629005 22
1761972633992 0.01140035278414472 23
1761972669501 0.010952917009938595 24
1761972705127 0.010662605374605949 25
1761972740581 0.010495300560669843 26
1761972775987 0.010420703848953857 27
1761972811578 0.010282637785340465 28
1761972847276 0.010096528701657472 29
1761972882922 0.009850737600404757 30
1761972918600 0.009772047750726095 31
1761972954227 0.009736909381302686 32
1761972989867 0.009537193092495896 33
1761973025423 0.009458319066197571 34
1761973061015 0.009398488261028381 35
1761973096607 0.009385481629632042 36
1761973132010 0.009322493080284905 37
1761973167574 0.009151978280234377 38
1761973203247 0.008930318553211088 39
1761973238880 0.009071940283888202 40
1761973274659 0.009086100978040417 41
1761973310271 0.008809768705570025 42
1761973345870 0.00884517121973426 43
1761973381401 0.008680547603044002 44
1761973417003 0.008780013050797373 45
1761973452492 0.008590659911301842 46
1761973487840 0.008581223588845263 47
1761973523320 0.008523312582328075 48
1761973558939 0.008465293704522805 49
1761973594568 0.008548882347144855 50
1761973630228 0.008346488977166703 51
1761973665870 0.008394773866350073 52
1761973701546 0.00837226916426341 53
1761973737150 0.008333679253971854 54
1761973773073 0.008170418407879399 55
1761973808766 0.0082426976486793 56
1761973844216 0.008072679882182235 57
1761973879793 0.008087971077557418 58
1761973915562 0.008048817757950274 59
1761973951267 0.0081742103090912 60
1761973986939 0.008064623683245476 61
1761974022550 0.008099151076594263 62
1761974058227 0.007820145581598298 63
1761974093760 0.008054632825337573 64
1761974129362 0.007853484085058652 65
1761974164961 0.007881832815879999 66
1761974200741 0.007832084344916565 67
1761974236413 0.007020563317889787 68
1761974272084 0.0066006269813376015 69
1761974307752 0.006318298022748525 70
1761974343481 0.006209396994193131 71
1761974379159 0.006049964127697025 72
1761974414739 0.005947856153624497 73
1761974450331 0.005894078438996378 74
1761974485895 0.005891358298852891 75
1761974521482 0.005772777716706559 76
1761974556877 0.00580594360122946 77
1761974592337 0.005745591781414624 78
1761974627987 0.005693998999670891 79
1761974663667 0.005664812635778886 80
1761974699458 0.005625140988747543 81
1761974735192 0.005628845521381923 82
1761974770992 0.0055446740846301235 83
1761974806720 0.0055902246719975015 84
1761974842423 0.00560204935356034 85
1761974878059 0.005528337583935934 86
1761974913746 0.005492078808393094 87
1761974949472 0.005538368834943767 88
1761974985388 0.005467975470995487 89
1761975021230 0.0054565112613933625 90
1761975056948 0.005429345156465258 91
1761975092621 0.005434853628748081 92
1761975128312 0.00540503544788622 93
1761975163969 0.00537627840080481 94
1761975199636 0.005361288716317312 95
1761975235304 0.005394306820368648 96
1761975270938 0.005309234291896768 97
1761975306362 0.0053837911358901435 98
1761975342108 0.005304348569648012 99
