1761971807754 323913.0849831527 0
1761971844170 0.7565664118706587 1
1761971882102 0.6889186248430778 2
1761971918153 0.6433322873622476 3
1761971954101 0.6258285486816964 4
1761971990117 0.637710795529261 5
1761972025982 0.6448445011412979 6
1761972061668 0.6417257439258487 7
1761972097590 0.6615626031378179 8
1761972133537 0.6808021779076205 9
1761972169477 0.698253624740233 10
1761972206239 0.6744477421738381 11
1761972242166 0.6830334235267386 12
1761972277850 0.7089314425110421 13
1761972313415 0.7067694151124289 14
1761972349163 0.6971065937086594 15
1761972384684 0.7028789326202037 16
1761972420067 0.7090953193233654 17
1761972455649 0.7048342597444984 18
1761972491455 0.7211490721797627 19
1761972527090 0.7027520799161587 20
1761972562746 0.7360395978851572 21
1761972598398 0.6998559208407354 22
1761972633995 0.7182028538364905 23
1761972669504 0.7101084357480274 24
1761972705131 0.7142669745457925 25
1761972740584 0.716738445735057 26
1761972775990 0.7365224837068703 27
1761972811581 0.7150541153064994 28
1761972847280 0.7082872105595281 29
1761972882925 0.7210228723545011 30
1761972918604 0.7083851668525771 31
1761972954231 0.6986820997193802 32
1761972989871 0.733525087191813 33
1761973025426 0.6951740874404527 34
1761973061018 0.7220764247285963 35
1761973096611 0.7097103278502277 36
1761973132013 0.7054013013443677 37
1761973167577 0.7272938330308147 38
1761973203251 0.7093092108485707 39
1761973238883 0.6980369275986554 40
1761973274663 0.727549089308197 41
1761973310275 0.7007796929920235 42
1761973345873 0.6970462777685882 43
1761973381404 0.7329001134812237 44
1761973417007 0.6998594808024029 45
1761973452496 0.7330860464279834 46
1761973487843 0.6920929265972784 47
1761973523324 0.7321515335989157 48
1761973558944 0.6827197233307797 49
1761973594571 0.7267455264975462 50
1761973630231 0.7177029897208229 51
1761973665873 0.7115177064638993 52
1761973701549 0.7267020178395648 53
1761973737152 0.6935272986310661 54
1761973773076 0.730247529162917 55
1761973808770 0.7163493368316727 56
1761973844219 0.7016569360150056 57
1761973879796 0.7123436925023101 58
1761973915565 0.7073800823617219 59
1761973951270 0.7078814776632872 60
1761973986942 0.6978305977048271 61
1761974022554 0.7126198665644243 62
1761974058230 0.7108169503386235 63
1761974093763 0.6813756522150135 64
1761974129365 0.6953282961813715 65
1761974164964 0.7012677357442355 66
1761974200756 0.7077517909068998 67
1761974236417 0.8261951880201549 68
1761974272087 0.8962205383468704 69
1761974307755 0.9078003768905056 70
1761974343484 0.9102754551310872 71
1761974379162 0.8969205133146622 72
1761974414742 0.8999522573924144 73
1761974450334 0.884990513364342 74
1761974485898 0.9103050682235794 75
1761974521486 0.897422568069344 76
1761974556881 0.9001123589534696 77
1761974592340 0.9071182628010594 78
1761974627990 0.8915834754012352 79
1761974663671 0.9161691585252452 80
1761974699462 0.9089045844600843 81
1761974735195 0.8535378127399077 82
1761974770995 0.8995329083794376 83
1761974806723 0.8911204530155143 84
1761974842427 0.9011489070531141 85
1761974878063 0.8481104263039523 86
1761974913750 0.898881056063199 87
1761974949475 0.911695357018531 88
1761974985388 0.907964089700946 89
1761975021233 0.9054805038775321 90
1761975056951 0.9072518547904056 91
1761975092625 0.9013838049185237 92
1761975128316 0.9126375042322862 93
1761975163973 0.9091225826859078 94
1761975199639 0.899163864340101 95
1761975235307 0.8980671395495088 96
1761975270941 0.9158242680701703 97
1761975306366 0.8969364397153505 98
1761975342112 0.8832650588596382 99
