1761971807754 0.0001 0
1761971844171 0.0001 1
1761971882102 0.0001 2
1761971918153 0.0001 3
1761971954101 0.0001 4
1761971990118 0.0001 5
1761972025982 0.0001 6
1761972061668 0.0001 7
1761972097590 0.0001 8
1761972133537 0.0001 9
1761972169477 0.0001 10
1761972206240 0.0001 11
1761972242167 0.0001 12
1761972277851 0.0001 13
1761972313416 0.0001 14
1761972349164 0.0001 15
1761972384685 0.0001 16
1761972420069 0.0001 17
1761972455650 0.0001 18
1761972491457 0.0001 19
1761972527092 0.0001 20
1761972562748 0.0001 21
1761972598400 0.0001 22
1761972633997 0.0001 23
1761972669506 0.0001 24
1761972705133 0.0001 25
1761972740586 0.0001 26
1761972775992 0.0001 27
1761972811583 0.0001 28
1761972847281 0.0001 29
1761972882927 0.0001 30
1761972918605 0.0001 31
1761972954233 0.0001 32
1761972989872 0.0001 33
1761973025428 0.0001 34
1761973061019 0.0001 35
1761973096613 0.0001 36
1761973132015 0.0001 37
1761973167579 0.0001 38
1761973203252 0.0001 39
1761973238884 0.0001 40
1761973274664 0.0001 41
1761973310276 0.0001 42
1761973345874 0.0001 43
1761973381405 0.0001 44
1761973417008 0.0001 45
1761973452498 0.0001 46
1761973487845 0.0001 47
1761973523325 0.0001 48
1761973558945 0.0001 49
1761973594573 0.0001 50
1761973630233 0.0001 51
1761973665875 0.0001 52
1761973701551 0.0001 53
1761973737156 0.0001 54
1761973773078 0.0001 55
1761973808772 0.0001 56
1761973844221 0.0001 57
1761973879798 0.0001 58
1761973915567 0.0001 59
1761973951272 0.0001 60
1761973986944 0.0001 61
1761974022555 0.0001 62
1761974058232 0.0001 63
1761974093765 0.0001 64
1761974129367 0.0001 65
1761974164966 0.0001 66
1761974200756 0.0001 67
1761974236418 1e-05 68
1761974272088 1e-05 69
1761974307757 1e-05 70
1761974343486 1e-05 71
1761974379164 1e-05 72
1761974414744 1e-05 73
1761974450336 1e-05 74
1761974485900 1e-05 75
1761974521487 1e-05 76
1761974556882 1e-05 77
1761974592342 1e-05 78
1761974627992 1e-05 79
1761974663672 1e-05 80
1761974699463 1e-05 81
1761974735197 1e-05 82
1761974770997 1e-05 83
1761974806725 1e-05 84
1761974842428 1e-05 85
1761974878065 1e-05 86
1761974913751 1e-05 87
1761974949477 1e-05 88
1761974985396 1e-05 89
1761975021235 1e-05 90
1761975056952 1e-05 91
1761975092626 1e-05 92
1761975128317 1e-05 93
1761975163974 1e-05 94
1761975199641 1e-05 95
1761975235309 1e-05 96
1761975270943 1e-05 97
1761975306367 1e-05 98
1761975342113 1e-05 99
