1761971807754 0.06050211558013263 0
1761971844168 0.034754745424585884 1
1761971882102 0.02944937165690419 2
1761971918153 0.02624367083920989 3
1761971954101 0.023897353171114112 4
1761971990115 0.022692835177496026 5
1761972025982 0.021852075511533953 6
1761972061668 0.02073236402631598 7
1761972097588 0.019895433796650153 8
1761972133535 0.01902853699766124 9
1761972169477 0.018229242922905276 10
1761972206226 0.017421710513457905 11
1761972242164 0.0166515543945505 12
1761972277848 0.015859903302353085 13
1761972313413 0.015155952998074979 14
1761972349161 0.014463314332340247 15
1761972384683 0.013917669614288102 16
1761972420066 0.013438385020805356 17
1761972455647 0.012822683066426718 18
1761972491454 0.012372263632343457 19
1761972527088 0.012017937010754383 20
1761972562745 0.011590927371452021 21
1761972598397 0.011468741789064138 22
1761972633993 0.011288493343836248 23
1761972669502 0.01086737663915189 24
1761972705129 0.010572585328621325 25
1761972740583 0.010423977410055673 26
1761972775989 0.010321034226826457 27
1761972811580 0.010172964352804957 28
1761972847278 0.010011817867623216 29
1761972882924 0.009764642671270425 30
1761972918602 0.009657929657008561 31
1761972954229 0.009577073929738562 32
1761972989869 0.00938369513944138 33
1761973025425 0.009367083080508978 34
1761973061016 0.009207651873685396 35
1761973096609 0.009308498396702185 36
1761973132012 0.009146420868033191 37
1761973167576 0.008939080495399692 38
1761973203249 0.008879796710744054 39
1761973238881 0.008879794866044656 40
1761973274661 0.008817096328690797 41
1761973310273 0.00874101014504599 42
1761973345871 0.008776055718230646 43
1761973381402 0.00858367023327422 44
1761973417005 0.00855253806888463 45
1761973452494 0.008406635935718434 46
1761973487842 0.008421886511815347 47
1761973523322 0.008337805149117578 48
1761973558942 0.008346505007672547 49
1761973594570 0.008350742093141987 50
1761973630230 0.008253923003434936 51
1761973665872 0.008207945899412877 52
1761973701548 0.008242589728504519 53
1761973737152 0.00819523615818285 54
1761973773074 0.008024472021729843 55
1761973808768 0.008040085583430192 56
1761973844218 0.007956806868562271 57
1761973879794 0.007926241854249045 58
1761973915563 0.00792213242711419 59
1761973951269 0.0079104189337092 60
1761973986941 0.00791531630801006 61
1761974022552 0.00783979886604405 62
1761974058229 0.0077592023063537685 63
1761974093762 0.007812020612688753 64
1761974129364 0.007793758722313021 65
1761974164963 0.007739523378668038 66
1761974200754 0.007718010953444975 67
1761974236415 0.007020536070052176 68
1761974272085 0.006494790360183019 69
1761974307753 0.006313439669935311 70
1761974343483 0.006122900633469372 71
1761974379160 0.006034779794934976 72
1761974414741 0.0059396437821024875 73
1761974450333 0.005868753158112994 74
1761974485897 0.005829576043678181 75
1761974521484 0.005771555999708532 76
1761974556879 0.005755189433075067 77
1761974592339 0.005695391124566132 78
1761974627989 0.005663843879915551 79
1761974663669 0.005604834442159959 80
1761974699460 0.005582652580104397 81
1761974735193 0.005628845521381923 82
1761974770993 0.005538699204145476 83
1761974806722 0.005524940438494334 84
1761974842425 0.005535239951555119 85
1761974878061 0.005528337583935934 86
1761974913748 0.005464683324284233 87
1761974949473 0.005477114114291545 88
1761974985388 0.005409896387053388 89
1761975021232 0.005420643603274494 90
1761975056950 0.00541102225053746 91
1761975092623 0.005391334711985532 92
1761975128314 0.005364690270534781 93
1761975163971 0.005339382292758488 94
1761975199638 0.005352354592696278 95
1761975235306 0.005324301106910967 96
1761975270940 0.005301533292582958 97
1761975306364 0.005322253165698527 98
1761975342110 0.005286140677417037 99
