1762126765534 0.7171330073347123 0
1762126803357 177.3228387771651 1
1762126840957 0.6879475141680518 2
1762126878689 0.6617747633164112 3
1762126916678 0.643075882398409 4
1762126954419 0.6274702393335362 5
1762126992017 0.615262079753749 6
1762127029536 0.6068633942905058 7
1762127066959 0.6004807939957146 8
1762127104160 0.5965056628879915 9
1762127141354 0.5926320529855367 10
1762127178638 0.5906233612485107 11
1762127215934 0.5882381432476234 12
1762127253313 0.5865299953970798 13
1762127290938 0.5854174839697803 14
1762127328455 0.5849761118326472 15
1762127365817 0.5847071610811937 16
1762127403522 0.5832323918310907 17
1762127441109 0.5827337697890906 18
1762127478641 0.5815930290475636 19
1762127515955 0.5807328695870713 20
1762127553316 0.5801830460066811 21
1762127590597 0.5792905675216371 22
1762127627995 0.5797089147805375 23
1762127665501 0.5781657895376516 24
1762127702717 0.5785811230193737 25
1762127740087 0.5776572318964226 26
1762127777407 0.5777356723218265 27
1762127814406 0.5769469671867219 28
1762127851383 0.5771265877045666 29
