1762126765538 1015667.7900896017 0
1762126803361 1766.1070423463427 1
1762126840962 0.0479538195911931 2
1762126878693 0.05036297185080392 3
1762126916681 0.05891806257523571 4
1762126954423 0.0714487859725556 5
1762126992021 0.0838542470009224 6
1762127029540 0.09430315139087728 7
1762127066963 0.1028791529445157 8
1762127104164 0.1102510744501586 9
1762127141358 0.11615995652849888 10
1762127178642 0.12128708576443187 11
1762127215939 0.12581404445080266 12
1762127253317 0.12831691739666107 13
1762127290941 0.13096620444443535 14
1762127328459 0.13371934479851263 15
1762127365821 0.1353633663236501 16
1762127403526 0.13694432534252687 17
1762127441113 0.1377212750109723 18
1762127478645 0.14049717676995996 19
1762127515959 0.14114009795394847 20
1762127553320 0.14256226911497275 21
1762127590601 0.14428837772619685 22
1762127627998 0.14399716877858107 23
1762127665505 0.14545434884652744 24
1762127702721 0.1468516306623668 25
1762127740091 0.14665004414973465 26
1762127777411 0.14708392187408434 27
1762127814411 0.1478964299161569 28
1762127851387 0.14879686710644402 29
