1762126765540 1.0000000000000002e-06 0
1762126803362 2.9800000000000003e-06 1
1762126840963 4.960000000000001e-06 2
1762126878695 6.940000000000001e-06 3
1762126916683 8.920000000000001e-06 4
1762126954425 1.0900000000000002e-05 5
1762126992022 1.2880000000000004e-05 6
1762127029541 1.4860000000000003e-05 7
1762127066965 1.6840000000000005e-05 8
1762127104165 1.8820000000000006e-05 9
1762127141360 2.0800000000000008e-05 10
1762127178645 2.2780000000000006e-05 11
1762127215941 2.4760000000000007e-05 12
1762127253319 2.6740000000000008e-05 13
1762127290943 2.872000000000001e-05 14
1762127328461 3.0700000000000014e-05 15
1762127365823 3.268000000000001e-05 16
1762127403528 3.466000000000001e-05 17
1762127441115 3.664000000000001e-05 18
1762127478647 3.862000000000001e-05 19
1762127515961 4.060000000000001e-05 20
1762127553322 4.258000000000001e-05 21
1762127590603 4.456000000000001e-05 22
1762127628000 4.6540000000000005e-05 23
1762127665507 4.852e-05 24
1762127702722 5.050000000000001e-05 25
1762127740093 5.248000000000001e-05 26
1762127777412 5.446000000000002e-05 27
1762127814413 5.6440000000000015e-05 28
1762127851389 5.842000000000001e-05 29
