1762126765536 0.7171330073347123 0
1762126803359 0.7121340632834704 1
1762126840960 0.6831521325729218 2
1762126878691 0.6567384657669701 3
1762126916680 0.6371840748676034 4
1762126954421 0.6203253606625173 5
1762126992019 0.6068766556704955 6
1762127029538 0.5974330784870541 7
1762127066961 0.5901928792364177 8
1762127104162 0.5854805546741549 9
1762127141357 0.5810160598089529 10
1762127178640 0.5784946536304942 11
1762127215937 0.5756567393822527 12
1762127253315 0.5736983029945348 13
1762127290940 0.5723208640896997 14
1762127328457 0.571604177702305 15
1762127365819 0.5711708247067524 16
1762127403524 0.569537960176056 17
1762127441111 0.5689616414399639 18
1762127478643 0.5675433115705699 19
1762127515957 0.5666188588174078 20
1762127553318 0.5659268189110234 21
1762127590599 0.5648617299292175 22
1762127627997 0.5653091978789168 23
1762127665503 0.5636203529034738 24
1762127702719 0.5638959590778795 25
1762127740089 0.5629922274339239 26
1762127777409 0.5630272798759993 27
1762127814410 0.5621573232733134 28
1762127851385 0.5622469014899675 29
