1762030627800 0.06094182852494756 0
1762030664374 0.03584589552988245 1
1762030700821 0.029381374314278858 2
1762030737219 0.026215148744393027 3
1762030773744 0.02445468993430518 4
1762030810157 0.023145202137653614 5
1762030846756 0.022478921406985913 6
1762030883326 0.021669113319181525 7
1762030919997 0.0210432432913701 8
1762030956543 0.02039990499863197 9
1762030992759 0.01998085516235757 10
1762031029304 0.019409334897202906 11
1762031065578 0.019041744572577683 12
1762031101759 0.01850304714840314 13
1762031138427 0.018184540975232456 14
1762031175015 0.017707164022465086 15
1762031211515 0.01743759831098029 16
1762031248835 0.017138935787683704 17
1762031285515 0.0165549179198734 18
1762031322010 0.016360435634851456 19
1762031358626 0.016121095899133586 20
1762031395230 0.01563702977797716 21
1762031431490 0.015420004312085156 22
1762031467929 0.015344184026914181 23
1762031504519 0.014913216723358116 24
1762031540938 0.014711903698395852 25
1762031577335 0.014420015359934778 26
1762031613988 0.014218193236924088 27
1762031650591 0.014078322131545638 28
1762031687220 0.013933191143372329 29
1762031723640 0.013787944676769135 30
1762031760079 0.013542680998651491 31
1762031796315 0.0135003429091848 32
1762031832612 0.013436520004960588 33
1762031869248 0.013279644236513151 34
1762031905868 0.013095608821441961 35
1762031942265 0.013005342298617394 36
1762031978683 0.012906496485453903 37
1762032015105 0.012742037946772932 38
1762032051478 0.012666426829226389 39
1762032087865 0.01250733376613685 40
1762032124398 0.012504063727352707 41
1762032160627 0.012493562145140084 42
1762032196871 0.01242335492813112 43
1762032233431 0.01246758628067285 44
1762032269834 0.012214480523032405 45
1762032306015 0.011937592556062727 46
1762032342570 0.012083503388586235 47
1762032379046 0.012063455598991971 48
1762032415522 0.0119726238085384 49
1762032451931 0.011847819755491228 50
1762032488202 0.011852629703045684 51
1762032524267 0.011779974465354337 52
1762032560766 0.011766575492200662 53
1762032597809 0.011645722229565893 54
1762032634444 0.011472665430649967 55
1762032670830 0.011420764345861353 56
1762032707483 0.01141124741480596 57
1762032744140 0.011572940976194964 58
1762032780404 0.011544654705868013 59
1762032816963 0.01125518149909783 60
1762032853467 0.011493679917606206 61
1762032889678 0.01133309799769392 62
1762032926041 0.011236709513488007 63
1762032962487 0.01136620306592447 64
1762032999028 0.011125174412299628 65
1762033035256 0.011229432036982621 66
1762033071763 0.011037885150145059 67
1762033108324 0.011031061670189087 68
1762033144670 0.010993192615946662 69
1762033181233 0.010945816946980168 70
1762033217639 0.010952466602539304 71
1762033253855 0.010910972504817765 72
1762033290427 0.011015653492653885 73
1762033327053 0.0108437084305128 74
1762033363661 0.010818717694931054 75
1762033400154 0.010826839662568514 76
1762033436760 0.010799285769462586 77
1762033473285 0.010782862548713272 78
1762033509670 0.010883943574422617 79
1762033546312 0.010826784508469888 80
1762033583012 0.010906593573350843 81
1762033619261 0.010587506576679473 82
1762033656002 0.010596685757569696 83
1762033692679 0.010624880820785053 84
1762033729219 0.010460225022413406 85
1762033765726 0.010561591097187758 86
1762033802626 0.010628104286014638 87
1762033839239 0.010523783872863185 88
1762033876157 0.01050496693341637 89
1762033913023 0.009200940662964039 90
1762033949585 0.00842486605190508 91
1762033986005 0.008080827121768283 92
1762034022568 0.007888827984069669 93
1762034059270 0.0077758168529384955 94
1762034095923 0.007582205233854115 95
1762034132515 0.007525995207882403 96
1762034169088 0.0074476246149635 97
1762034205777 0.007353699607062974 98
1762034242201 0.007207992518215481 99
