1762030627803 9.737090920513353 0
1762030664376 0.7800409778804082 1
1762030700825 0.68352049426779 2
1762030737222 0.6656869610678714 3
1762030773748 0.6581759390838915 4
1762030810161 0.65142817170517 5
1762030846760 0.6322069642551713 6
1762030883329 0.6635260348502188 7
1762030920002 0.6644233349945854 8
1762030956546 0.6688051074446237 9
1762030992769 0.6683864937272183 10
1762031029304 0.6844538537766847 11
1762031065582 0.6949139644141213 12
1762031101763 0.696414981411145 13
1762031138431 0.6943672394435667 14
1762031175019 0.6880422486023253 15
1762031211519 0.711486752959977 16
1762031248838 0.7094786390513677 17
1762031285518 0.7007165944061406 18
1762031322290 0.7353777099289371 19
1762031358630 0.7025590006695237 20
1762031395234 0.7070460718731547 21
1762031431493 0.7244329000232228 22
1762031467933 0.7084593600212934 23
1762031504523 0.7137932584927328 24
1762031540942 0.6993712287408569 25
1762031577338 0.7182235837774815 26
1762031613992 0.7307748282866621 27
1762031650596 0.7151659969079535 28
1762031687223 0.7212873993917953 29
1762031723644 0.7221353885739349 30
1762031760082 0.7145969328294165 31
1762031796319 0.7186911310468401 32
1762031832616 0.719539830138121 33
1762031869252 0.7238655170332949 34
1762031905872 0.7192913970677955 35
1762031942269 0.7111005170004708 36
1762031978686 0.7040770748128923 37
1762032015105 0.718463826615153 38
1762032051483 0.7154793176936153 39
1762032087869 0.7172529261373602 40
1762032124402 0.7135025857690956 41
1762032160630 0.7145839758093571 42
1762032196874 0.7169286657013371 43
1762032233434 0.7219922807525558 44
1762032269834 0.723402562173102 45
1762032306018 0.7192596505250646 46
1762032342570 0.7174285223317701 47
1762032379054 0.7123239010671445 48
1762032415526 0.7131784045815072 49
1762032451935 0.7223526325336722 50
1762032488206 0.716558727037867 51
1762032524271 0.7282903073634024 52
1762032560769 0.7003003355672589 53
1762032597812 0.7505747817679497 54
1762032634448 0.7196056316461278 55
1762032670834 0.7169278134935322 56
1762032707486 0.7460542087935134 57
1762032744145 0.7152385371071952 58
1762032780407 0.7195500209878053 59
1762032816966 0.7412741096708861 60
1762032853470 0.7084438792890885 61
1762032889681 0.7041337319782802 62
1762032926045 0.7477218150696485 63
1762032962491 0.6891851797452401 64
1762032999031 0.7264758525100657 65
1762033035259 0.7267284614699228 66
1762033071766 0.7483043672238473 67
1762033108328 0.7116236604329359 68
1762033144675 0.7379021143992478 69
1762033181233 0.7169232774018449 70
1762033217642 0.7314548881743042 71
1762033253859 0.7364911546342793 72
1762033290431 0.7283460704987231 73
1762033327056 0.7387473904413242 74
1762033363665 0.7326968844546828 75
1762033400158 0.7114023157924513 76
1762033436764 0.7392556522771766 77
1762033473288 0.7457178104359447 78
1762033509674 0.7379384004792502 79
1762033546316 0.6974930753739569 80
1762033583016 0.706506550866504 81
1762033619262 0.7285359417877324 82
1762033656006 0.7399819539234884 83
1762033692682 0.7109106313746633 84
1762033729223 0.7334216501229626 85
1762033765730 0.7269880626684804 86
1762033802629 0.731226974507899 87
1762033839243 0.7315124486767969 88
1762033876160 0.7312206958615503 89
1762033913027 0.7293803874440368 90
1762033949590 0.9126453574313674 91
1762033986009 0.9176137912313012 92
1762034022571 0.907530242858139 93
1762034059274 0.9075900868719995 94
1762034095927 0.9187695938487386 95
1762034132518 0.910469619261466 96
1762034169092 0.90986172447965 97
1762034205781 0.9269059547158175 98
1762034242206 0.9206141993056897 99
