1762030627805 0.0001 0
1762030664378 0.0001 1
1762030700826 0.0001 2
1762030737224 0.0001 3
1762030773748 0.0001 4
1762030810163 0.0001 5
1762030846762 0.0001 6
1762030883331 0.0001 7
1762030920003 0.0001 8
1762030956548 0.0001 9
1762030992771 0.0001 10
1762031029304 0.0001 11
1762031065583 0.0001 12
1762031101765 0.0001 13
1762031138432 0.0001 14
1762031175021 0.0001 15
1762031211521 0.0001 16
1762031248840 0.0001 17
1762031285520 0.0001 18
1762031322292 0.0001 19
1762031358631 0.0001 20
1762031395235 0.0001 21
1762031431495 0.0001 22
1762031467935 0.0001 23
1762031504525 0.0001 24
1762031540944 0.0001 25
1762031577338 0.0001 26
1762031613993 0.0001 27
1762031650598 0.0001 28
1762031687224 0.0001 29
1762031723645 0.0001 30
1762031760083 0.0001 31
1762031796320 0.0001 32
1762031832617 0.0001 33
1762031869253 0.0001 34
1762031905873 0.0001 35
1762031942271 0.0001 36
1762031978688 0.0001 37
1762032015111 0.0001 38
1762032051484 0.0001 39
1762032087870 0.0001 40
1762032124403 0.0001 41
1762032160632 0.0001 42
1762032196874 0.0001 43
1762032233436 0.0001 44
1762032269834 0.0001 45
1762032306019 0.0001 46
1762032342578 0.0001 47
1762032379056 0.0001 48
1762032415528 0.0001 49
1762032451936 0.0001 50
1762032488208 0.0001 51
1762032524272 0.0001 52
1762032560771 0.0001 53
1762032597814 0.0001 54
1762032634449 0.0001 55
1762032670836 0.0001 56
1762032707488 0.0001 57
1762032744147 0.0001 58
1762032780409 0.0001 59
1762032816968 0.0001 60
1762032853472 0.0001 61
1762032889683 0.0001 62
1762032926046 0.0001 63
1762032962493 0.0001 64
1762032999033 0.0001 65
1762033035261 0.0001 66
1762033071768 0.0001 67
1762033108329 0.0001 68
1762033144676 0.0001 69
1762033181240 0.0001 70
1762033217644 0.0001 71
1762033253860 0.0001 72
1762033290433 0.0001 73
1762033327059 0.0001 74
1762033363666 0.0001 75
1762033400159 0.0001 76
1762033436766 0.0001 77
1762033473290 0.0001 78
1762033509675 0.0001 79
1762033546317 0.0001 80
1762033583018 0.0001 81
1762033619262 0.0001 82
1762033656007 0.0001 83
1762033692684 0.0001 84
1762033729224 0.0001 85
1762033765731 0.0001 86
1762033802631 0.0001 87
1762033839245 0.0001 88
1762033876162 0.0001 89
1762033913028 1e-05 90
1762033949591 1e-05 91
1762033986010 1e-05 92
1762034022573 1e-05 93
1762034059276 1e-05 94
1762034095929 1e-05 95
1762034132520 1e-05 96
1762034169093 1e-05 97
1762034205782 1e-05 98
1762034242206 1e-05 99
