1762030627801 0.06094182852494756 0
1762030664376 0.03525613399092541 1
1762030700824 0.029369986366690987 2
1762030737221 0.02619512295010082 3
1762030773746 0.02444174868670413 4
1762030810159 0.023097207447965677 5
1762030846759 0.0224199806510214 6
1762030883326 0.02165788506154602 7
1762030919999 0.02100113704553078 8
1762030956545 0.020367244970164823 9
1762030992768 0.019948830849110488 10
1762031029304 0.019370587407750543 11
1762031065579 0.018960279973836435 12
1762031101761 0.01842620595918343 13
1762031138429 0.018127360076108247 14
1762031175017 0.01766284306802821 15
1762031211517 0.01734774279906306 16
1762031248837 0.01701774961404824 17
1762031285517 0.01654259924872769 18
1762031322286 0.01626437535119611 19
1762031358628 0.01604332574875252 20
1762031395232 0.015602032680596624 21
1762031431491 0.015322342920937015 22
1762031467931 0.015227066130188613 23
1762031504521 0.01484756794235239 24
1762031540940 0.014654770049814171 25
1762031577337 0.01431868780292942 26
1762031613990 0.014145359937782303 27
1762031650593 0.013960108746994175 28
1762031687221 0.013841824175981786 29
1762031723642 0.013633249630761702 30
1762031760080 0.013464433496254822 31
1762031796316 0.01336899992833502 32
1762031832614 0.013295878219322311 33
1762031869250 0.01308989571624024 34
1762031905870 0.012923640497895175 35
1762031942268 0.01291306626138299 36
1762031978685 0.012661026087759738 37
1762032015105 0.012648547912926175 38
1762032051481 0.012558966380021104 39
1762032087867 0.012441365862655086 40
1762032124400 0.012356292906888696 41
1762032160629 0.012391031336695254 42
1762032196873 0.012227179757334861 43
1762032233433 0.012143616536106185 44
1762032269834 0.011948541125462103 45
1762032306016 0.011868756674106334 46
1762032342570 0.01198566452510333 47
1762032379052 0.011902563385294126 48
1762032415525 0.01180014337020063 49
1762032451933 0.011767763390741079 50
1762032488205 0.011759330258020928 51
1762032524270 0.011541584082121073 52
1762032560768 0.011649956967545507 53
1762032597811 0.011479662501089201 54
1762032634446 0.011372630064224088 55
1762032670832 0.01139019131907989 56
1762032707485 0.01120549773308526 57
1762032744144 0.011365311817448598 58
1762032780406 0.011386855827192729 59
1762032816965 0.011160203769951563 60
1762032853468 0.011278942241596424 61
1762032889679 0.011245830461036327 62
1762032926043 0.011016642991639056 63
1762032962489 0.011194150711709875 64
1762032999030 0.011059075984423145 65
1762033035258 0.011079416841738842 66
1762033071765 0.010960873572830345 67
1762033108327 0.010880726788106353 68
1762033144673 0.010906394312399566 69
1762033181233 0.01089165489687476 70
1762033217641 0.01085876350931551 71
1762033253857 0.010754858229643482 72
1762033290429 0.01085423476548488 73
1762033327055 0.01077839631426374 74
1762033363663 0.010704611986256714 75
1762033400156 0.010729579137409248 76
1762033436762 0.010663801914334694 77
1762033473287 0.010616810107448964 78
1762033509672 0.010664202751857893 79
1762033546314 0.010737407801555241 80
1762033583013 0.010678711036015982 81
1762033619262 0.01049913265108072 82
1762033656004 0.01052242462767715 83
1762033692681 0.010526908371609904 84
1762033729221 0.010397527428758501 85
1762033765728 0.010435139900228114 86
1762033802628 0.010591655233843976 87
1762033839241 0.010447999713107003 88
1762033876158 0.01040550091758717 89
1762033913025 0.009200940662964039 90
1762033949585 0.008392597958631195 91
1762033986007 0.00806939285186636 92
1762034022570 0.007878645846118958 93
1762034059272 0.007731644938579231 94
1762034095925 0.007581228747394592 95
1762034132517 0.007493217325339286 96
1762034169090 0.007368623626192543 97
1762034205779 0.0073030354213774 98
1762034242204 0.007200948950955242 99
