1763445436807 0.7572424113750458 0
1763445440219 0.971193253993988 1
1763445443417 0.9458633661270142 2
1763445446468 0.9125023782253265 3
1763445449613 0.8978678584098816 4
1763445452657 0.8729840517044067 5
1763445456031 0.8166041672229767 6
1763445459090 0.7848332226276398 7
1763445462217 0.6714993715286255 8
1763445465225 0.5764573812484741 9
1763445468408 0.4706341326236725 10
1763445471819 0.32665856182575226 11
1763445474842 0.20908120274543762 12
1763445478008 0.1282929666340351 13
1763445481212 0.08977950736880302 14
1763445484233 0.06540308520197868 15
1763445487467 0.04864806681871414 16
1763445490630 0.04300670325756073 17
1763445493660 0.04240378178656101 18
1763445496844 0.03418805077672005 19
1763445499863 0.032995639368891716 20
1763445503213 0.02982835564762354 21
1763445506399 0.02753809653222561 22
1763445509406 0.02500967960804701 23
1763445512438 0.0232088016346097 24
