1763445436803 2.5143327713012695 0
1763445440216 4.009469628334045 1
1763445443413 3.294026732444763 2
1763445446463 2.8107186555862427 3
1763445449610 2.6613470315933228 4
1763445452654 2.4131122827529907 5
1763445456027 2.0772721767425537 6
1763445459087 1.7968948483467102 7
1763445462213 1.3319469690322876 8
1763445465222 1.0260209143161774 9
1763445468405 0.7452463209629059 10
1763445471815 0.4707866311073303 11
1763445474838 0.2727903127670288 12
1763445478004 0.15936213731765747 13
1763445481208 0.10890718922019005 14
1763445484229 0.07854824140667915 15
1763445487462 0.05780947022140026 16
1763445490626 0.05071727745234966 17
1763445493657 0.049571722745895386 18
1763445496841 0.04002809152007103 19
1763445499859 0.03783699870109558 20
1763445503209 0.03446396626532078 21
1763445506395 0.03180648386478424 22
1763445509402 0.028854018077254295 23
1763445512434 0.02659156173467636 24
