1763445436809 0.6519027352333069 0
1763445440221 0.9187171757221222 1
1763445443419 0.8604616820812225 2
1763445446470 0.7978720366954803 3
1763445449615 0.7621962428092957 4
1763445452659 0.7227514684200287 5
1763445456032 0.6735183298587799 6
1763445459093 0.6629413068294525 7
1763445462218 0.6335174441337585 8
1763445465228 0.676571398973465 9
1763445468410 0.713875412940979 10
1763445471820 0.8003849387168884 11
1763445474843 0.8717111051082611 12
1763445478009 0.9214971959590912 13
1763445481214 0.9510690271854401 14
1763445484234 0.9615019857883453 15
1763445487469 0.9664649963378906 16
1763445490631 0.9736260175704956 17
1763445493662 0.9761841297149658 18
1763445496846 0.9773774147033691 19
1763445499865 0.9803147614002228 20
1763445503215 0.9806774854660034 21
1763445506401 0.9819633364677429 22
1763445509407 0.9834937453269958 23
1763445512440 0.9845591485500336 24
