1763445436805 0.724589079618454 0
1763445440218 0.9988735914230347 1
1763445443416 0.9985300004482269 2
1763445446465 0.9959181547164917 3
1763445449612 0.9870050847530365 4
1763445452656 0.9674237966537476 5
1763445456029 0.9509420394897461 6
1763445459088 0.9569987654685974 7
1763445462215 0.966053307056427 8
1763445465224 0.9675073325634003 9
1763445468407 0.9706466495990753 10
1763445471817 0.9757214486598969 11
1763445474840 0.9822908341884613 12
1763445478006 0.9851948022842407 13
1763445481210 0.988834023475647 14
1763445484231 0.9911563396453857 15
1763445487464 0.9931065738201141 16
1763445490628 0.9939996600151062 17
1763445493659 0.9950162768363953 18
1763445496842 0.9953624904155731 19
1763445499861 0.9961718022823334 20
1763445503211 0.9964210689067841 21
1763445506397 0.9965795278549194 22
1763445509403 0.9967513680458069 23
1763445512436 0.9971441924571991 24
