1763445436801 0.5694929510354996 0
1763445440213 0.08911311253905296 1
1763445443412 0.15884874761104584 2
1763445446461 0.24157948046922684 3
1763445449608 0.29911448061466217 4
1763445452652 0.360752671957016 5
1763445456024 0.4337889701128006 6
1763445459085 0.45127737522125244 7
1763445462211 0.5005083382129669 8
1763445465220 0.42486660182476044 9
1763445468403 0.3591982275247574 10
1763445471812 0.23088793456554413 11
1763445474836 0.14079086482524872 12
1763445478002 0.08299316093325615 13
1763445481207 0.05072472244501114 14
1763445484228 0.039532387629151344 15
1763445487460 0.03434344381093979 16
1763445490624 0.026846078224480152 17
1763445493655 0.024210023693740368 18
1763445496839 0.022955434396862984 19
1763445499857 0.019942558370530605 20
1763445503207 0.01957325730472803 21
1763445506392 0.01827024109661579 22
1763445509400 0.016679886728525162 23
1763445512432 0.015613229013979435 24
