1762127937823 0.7293282693802716 0
1762127974885 1065.0006121568506 1
1762128011650 0.6913324041620046 2
1762128048587 0.666692403820266 3
1762128085384 0.6425939683106254 4
1762128122697 0.6207510593325593 5
1762128160159 0.6044090826249994 6
1762128197076 0.5923808342990685 7
1762128233962 0.5834638517956401 8
1762128270774 0.5770667533541834 9
1762128307749 0.5722672780090788 10
1762128345164 0.5689885735511779 11
1762128382540 0.5667726401474785 12
1762128419699 0.5647985165697396 13
1762128456907 0.5624046761728204 14
1762128494205 0.5617894386532298 15
1762128531017 0.5606390221966462 16
1762128567564 0.5586822505409139 17
1762128604474 0.5572186270425487 18
1762128641637 0.5560921697125483 19
1762128678321 0.5553024666253911 20
1762128715402 0.5542869499355455 21
1762128752653 0.5536951774378551 22
1762128789861 0.5531960434295806 23
1762128827363 0.5521413131805749 24
1762128864736 0.5508645254116121 25
1762128901798 0.5510591152102449 26
1762128938813 0.5509350658651206 27
1762128975974 0.5498777360615145 28
1762129013144 0.5492768779941571 29
