1762127937828 1854324.4738739887 0
1762127974888 106428.15440160832 1
1762128011654 0.25477396819084586 2
1762128048591 0.21239144396148252 3
1762128085388 0.23281701344786293 4
1762128122701 0.2710762999382526 5
1762128160163 0.3199968413657128 6
1762128197080 0.3590214256432365 7
1762128233966 0.3946899133861263 8
1762128270778 0.42816299655508755 9
1762128307753 0.4550595245092018 10
1762128345168 0.4738189965981582 11
1762128382544 0.4880037661010641 12
1762128419704 0.49751649631614303 13
1762128456911 0.5066800857699194 14
1762128494209 0.5124447278802181 15
1762128531021 0.5241247905053174 16
1762128567568 0.527187826863159 17
1762128604478 0.5331033686862832 18
1762128641641 0.5414344424821214 19
1762128678324 0.5474825565997152 20
1762128715406 0.5491529909083217 21
1762128752656 0.55265858214955 22
1762128789865 0.5592832250650539 23
1762128827368 0.5664895953134049 24
1762128864739 0.5672397580653726 25
1762128901802 0.5669466992549326 26
1762128938817 0.5693934160213534 27
1762128975980 0.5696314433484378 28
1762129013147 0.5731417009600769 29
