1762127937830 1.0000000000000002e-06 0
1762127974890 2.9800000000000003e-06 1
1762128011656 4.960000000000001e-06 2
1762128048593 6.940000000000001e-06 3
1762128085389 8.920000000000001e-06 4
1762128122703 1.0900000000000002e-05 5
1762128160164 1.2880000000000004e-05 6
1762128197083 1.4860000000000003e-05 7
1762128233968 1.6840000000000005e-05 8
1762128270780 1.8820000000000006e-05 9
1762128307755 2.0800000000000008e-05 10
1762128345170 2.2780000000000006e-05 11
1762128382546 2.4760000000000007e-05 12
1762128419706 2.6740000000000008e-05 13
1762128456913 2.872000000000001e-05 14
1762128494212 3.0700000000000014e-05 15
1762128531022 3.268000000000001e-05 16
1762128567570 3.466000000000001e-05 17
1762128604480 3.664000000000001e-05 18
1762128641642 3.862000000000001e-05 19
1762128678326 4.060000000000001e-05 20
1762128715408 4.258000000000001e-05 21
1762128752658 4.456000000000001e-05 22
1762128789867 4.6540000000000005e-05 23
1762128827370 4.852e-05 24
1762128864741 5.050000000000001e-05 25
1762128901804 5.248000000000001e-05 26
1762128938819 5.446000000000002e-05 27
1762128975981 5.6440000000000015e-05 28
1762129013149 5.842000000000001e-05 29
