1762127937826 0.7293282693802716 0
1762127974887 0.7190746264204234 1
1762128011652 0.6887846638593959 2
1762128048589 0.6645684873542912 3
1762128085386 0.640265798806352 4
1762128122699 0.6180402980690383 5
1762128160161 0.6012091149919453 6
1762128197078 0.5887906194921347 7
1762128233964 0.5795169512298812 8
1762128270776 0.5727851230440741 9
1762128307751 0.5677166817592229 10
1762128345167 0.5642503845731285 11
1762128382543 0.5618926028476601 12
1762128419702 0.5598233512865745 13
1762128456909 0.5573378735602496 14
1762128494207 0.5566649914975974 15
1762128531019 0.5553977730662324 16
1762128567566 0.5534103733360569 17
1762128604476 0.5518875938713352 18
1762128641638 0.5506778248916828 19
1762128678323 0.5498276434863525 20
1762128715404 0.548795419673983 21
1762128752654 0.5481685924767655 22
1762128789863 0.5476032105791212 23
1762128827366 0.5464764188690439 24
1762128864738 0.5451921272911503 25
1762128901800 0.5453896480145248 26
1762128938815 0.5452411304280608 27
1762128975978 0.5441814214288199 28
1762129013145 0.5435454605425711 29
