1761969696998 0.05786395143977431 0
1761969733863 0.03508569295966744 1
1761969770382 0.029268053518082215 2
1761969806769 0.026850783873188535 3
1761969843214 0.024367350785439196 4
1761969879833 0.022796298218179384 5
1761969916214 0.0217144178938232 6
1761969952531 0.020808129892545286 7
1761969988798 0.01989204191488285 8
1761970024949 0.018962096943956275 9
1761970061188 0.018271195675645557 10
1761970097750 0.017560748057904037 11
1761970134173 0.016898382831352494 12
1761970170483 0.01613302684305514 13
1761970206880 0.015424829595211732 14
1761970243233 0.014635039687750744 15
1761970279476 0.014133570676180611 16
1761970315693 0.013513123964352464 17
1761970351854 0.013175701035613633 18
1761970387893 0.012680078838701264 19
1761970423994 0.012311509028819709 20
1761970460484 0.011993350155428795 21
1761970496784 0.011784606559381532 22
1761970533093 0.01140078746425947 23
1761970569465 0.011125206408954142 24
1761970605785 0.010899878322979145 25
1761970642052 0.010684586181444583 26
1761970678283 0.010533403137395548 27
1761970714552 0.01039912763648849 28
1761970750567 0.010363912792795917 29
1761970786741 0.010018901557868897 30
1761970823256 0.009869454254046627 31
1761970859735 0.0098365243264409 32
1761970896017 0.009793476060503147 33
1761970932386 0.009540542867344083 34
1761970968697 0.009464383314663786 35
1761971004870 0.009222267236424444 36
1761971041151 0.00924132139208507 37
1761971077350 0.009106994005681272 38
1761971113337 0.009238916985764851 39
1761971149548 0.009124277889159232 40
1761971186029 0.009022088556788689 41
1761971222508 0.00897722548535991 42
1761971258985 0.00890301215118942 43
1761971295535 0.008787652913270598 44
1761971331984 0.008633883325290245 45
1761971368265 0.008873059339450047 46
1761971404536 0.008507823561661663 47
1761971441349 0.008500333585810423 48
1761971477707 0.00841714386639504 49
1761971514182 0.008550994419353548 50
1761971550849 0.0083295393103975 51
