1761969697015 13.655948762754072 0
1761969733863 0.7692861180962914 1
1761969770387 0.6783105629425112 2
1761969806781 0.6478351468065648 3
1761969843214 0.6360647144111684 4
1761969879850 0.6375306373418763 5
1761969916218 0.6614234238367936 6
1761969952531 0.6617968487185101 7
1761969988798 0.6626703932435806 8
1761970024949 0.6914807758061989 9
1761970061194 0.6882047737159602 10
1761970097754 0.6762499080543898 11
1761970134175 0.6880905985040126 12
1761970170483 0.7014557473683278 13
1761970206885 0.6987247430208909 14
1761970243233 0.6941379877419963 15
1761970279480 0.7035392418058212 16
1761970315694 0.7072241750270425 17
1761970351856 0.703138945823492 18
1761970387897 0.7061724587928417 19
1761970423997 0.7292301024313385 20
1761970460490 0.6989968865812815 21
1761970496784 0.7020914505882516 22
1761970533097 0.7165054496736621 23
1761970569468 0.7324702232779062 24
1761970605804 0.7045648757405455 25
1761970642053 0.7136776680962191 26
1761970678283 0.7166605952966253 27
1761970714552 0.7260827131841666 28
1761970750568 0.714364847788383 29
1761970786746 0.7167687081023308 30
1761970823256 0.7139350735071885 31
1761970859748 0.7342793728426049 32
1761970896037 0.6916172793933324 33
1761970932389 0.701231560992244 34
1761970968701 0.7160325224811452 35
1761971004877 0.7218534662874038 36
1761971041167 0.7089570506070539 37
1761971077352 0.7353233924339776 38
1761971113340 0.7033773527588956 39
1761971149552 0.7400942754111812 40
1761971186034 0.693335593459614 41
1761971222508 0.7129805332798499 42
1761971258985 0.7122071249540463 43
1761971295535 0.6980829973553502 44
1761971331988 0.7234477396819282 45
1761971368269 0.7146541326941049 46
1761971404536 0.7145238292573695 47
1761971441349 0.726738652596838 48
1761971477710 0.7070683700301719 49
1761971514182 0.7065726606948827 50
1761971550852 0.7231110861135084 51
