1761969697017 0.0001 0
1761969733863 0.0001 1
1761969770387 0.0001 2
1761969806781 0.0001 3
1761969843231 0.0001 4
1761969879851 0.0001 5
1761969916218 0.0001 6
1761969952548 0.0001 7
1761969988798 0.0001 8
1761970024949 0.0001 9
1761970061194 0.0001 10
1761970097756 0.0001 11
1761970134177 0.0001 12
1761970170483 0.0001 13
1761970206886 0.0001 14
1761970243233 0.0001 15
1761970279480 0.0001 16
1761970315694 0.0001 17
1761970351856 0.0001 18
1761970387899 0.0001 19
1761970423999 0.0001 20
1761970460490 0.0001 21
1761970496799 0.0001 22
1761970533098 0.0001 23
1761970569468 0.0001 24
1761970605805 0.0001 25
1761970642053 0.0001 26
1761970678283 0.0001 27
1761970714552 0.0001 28
1761970750572 0.0001 29
1761970786746 0.0001 30
1761970823256 0.0001 31
1761970859748 0.0001 32
1761970896039 0.0001 33
1761970932391 0.0001 34
1761970968702 0.0001 35
1761971004877 0.0001 36
1761971041168 0.0001 37
1761971077352 0.0001 38
1761971113342 0.0001 39
1761971149552 0.0001 40
1761971186035 0.0001 41
1761971222519 0.0001 42
1761971258985 0.0001 43
1761971295552 0.0001 44
1761971331990 0.0001 45
1761971368270 0.0001 46
1761971404536 0.0001 47
1761971441349 0.0001 48
1761971477712 0.0001 49
1761971514182 0.0001 50
1761971550852 0.0001 51
