1761969697013 0.05786395143977431 0
1761969733863 0.03442765993384824 1
1761969770385 0.029238333067921705 2
1761969806769 0.02681850376492521 3
1761969843214 0.024349936813215085 4
1761969879848 0.022768860150660788 5
1761969916214 0.02167595350663131 6
1761969952531 0.020763188505242038 7
1761969988798 0.019810434923417546 8
1761970024949 0.01889395775069232 9
1761970061192 0.01818148667036101 10
1761970097752 0.017515222995582214 11
1761970134175 0.016824866591200877 12
1761970170483 0.01608245408663718 13
1761970206883 0.015330060987278472 14
1761970243233 0.01459239571544023 15
1761970279480 0.013977614905301519 16
1761970315694 0.013431625682056149 17
1761970351856 0.013120295241029556 18
1761970387895 0.012610292760191169 19
1761970423996 0.01210717623465481 20
1761970460488 0.011909532027189121 21
1761970496784 0.01161044318587875 22
1761970533095 0.011288945370684826 23
1761970569467 0.010953084531664057 24
1761970605802 0.010765103070046815 25
1761970642053 0.010576347186171335 26
1761970678283 0.01040617228296904 27
1761970714552 0.010271736970821092 28
1761970750568 0.010250998152252843 29
1761970786744 0.009851670293663427 30
1761970823256 0.009824998983711104 31
1761970859746 0.009664373354757347 32
1761970896035 0.00970812686022829 33
1761970932387 0.009445301481705172 34
1761970968699 0.00933208806174142 35
1761971004870 0.009205195768132954 36
1761971041151 0.009151694377840951 37
1761971077352 0.009072550709213926 38
1761971113339 0.009081569570194051 39
1761971149550 0.008997043660931611 40
1761971186032 0.008927691802134942 41
1761971222508 0.00878072777373153 42
1761971258985 0.008761153918415605 43
1761971295535 0.008717410752791107 44
1761971331986 0.00856516545211457 45
1761971368267 0.008560408195140354 46
1761971404536 0.008434826305191778 47
1761971441349 0.008377631944279339 48
1761971477708 0.008396822043951365 49
1761971514182 0.00841754084496304 50
1761971550852 0.008264111228708017 51
