1762052612825 0.10343639813982371 0
1762052649592 8.083556830392922 1
1762052685805 0.08654067094539883 2
1762052722252 0.07226460720613549 3
1762052758976 0.05895523626939007 4
1762052795566 0.04984097543893463 5
1762052831797 0.04422330316218031 6
1762052868191 0.040180225096073656 7
1762052904853 0.03748081018560352 8
1762052941179 0.03580189166819534 9
1762052977681 0.03467797138960259 10
1762053014318 0.033619561293889516 11
1762053050636 0.032983175967123815 12
1762053087150 0.03246076055539407 13
1762053123877 0.031937439388214944 14
1762053160365 0.03125617598922942 15
1762053196718 0.03054466657711818 16
1762053233332 0.030400191235086846 17
1762053269988 0.030086724994784573 18
1762053306239 0.029902070260721187 19
1762053342636 0.029887684753962925 20
1762053378966 0.029677918767463726 21
1762053415132 0.02945853618663609 22
1762053451600 0.029464473694166868 23
1762053488273 0.029340931795463213 24
1762053524907 0.029247714202863432 25
1762053561430 0.02935683418597494 26
1762053598243 0.02943362050327748 27
1762053634775 0.029603158118221846 28
1762053671081 0.02956954141292857 29
1762053707288 0.029498684406280517 30
1762053743712 0.02975255125186768 31
1762053779900 0.029739602234375436 32
1762053816424 0.02985049738390897 33
1762053852902 0.030060072344699967 34
1762053889447 0.03008152965542882 35
1762053925816 0.03009933352569409 36
1762053962303 0.03018565689309491 37
1762053998747 0.03027668973288663 38
1762054035019 0.03033506317293129 39
1762054071265 0.030479068111046604 40
1762054107679 0.03062762304447418 41
1762054143997 0.030669036118988184 42
1762054181166 0.030636667002277122 43
1762054218874 0.03088627225932885 44
1762054255304 0.030887775813721343 45
1762054291872 0.031066485246847634 46
