1762052612828 248935.10690319986 0
1762052649596 39927.089120228666 1
1762052685809 1.0393443715928796 2
1762052722255 0.5775949251216115 3
1762052758980 0.634155073474808 4
1762052795570 0.668481486144652 5
1762052831801 0.689257029441504 6
1762052868195 0.7105942587123757 7
1762052904857 0.7197557770136583 8
1762052941183 0.7137964076774065 9
1762052977685 0.7015706137961327 10
1762053014328 0.6811603981791144 11
1762053050640 0.6657814810838414 12
1762053087154 0.6496761280832892 13
1762053123881 0.6333400713248902 14
1762053160369 0.6189457269998088 15
1762053196722 0.6043391944166038 16
1762053233336 0.591534989656404 17
1762053269991 0.5817776093451288 18
1762053306243 0.5686121140603607 19
1762053342640 0.5592624734010411 20
1762053378970 0.545450925510191 21
1762053415136 0.5349344661861559 22
1762053451604 0.5256012695176261 23
1762053488278 0.5150344115555089 24
1762053524917 0.506216771103615 25
1762053561434 0.4945823698740861 26
1762053598246 0.4826760920575291 27
1762053634779 0.4728098564369734 28
1762053671085 0.4653497417503813 29
1762053707293 0.4555260799255878 30
1762053743712 0.44758295141581284 31
1762053779904 0.44033718633889357 32
1762053816428 0.4308586546550954 33
1762053852906 0.423434778760834 34
1762053889451 0.41594580582209995 35
1762053925823 0.4091120960308468 36
1762053962307 0.40344741479106916 37
1762053998751 0.39422325264179825 38
1762054035019 0.39194788237742806 39
1762054071269 0.3836525425958475 40
1762054107683 0.3764773104674 41
1762054144000 0.37304557565834834 42
1762054181171 0.3652773240872 43
1762054218878 0.3614595934204089 44
1762054255308 0.3566900883204121 45
1762054291876 0.3520606709477117 46
