1762052612831 1.0000000000000002e-06 0
1762052649598 2.9800000000000003e-06 1
1762052685810 4.960000000000001e-06 2
1762052722257 6.940000000000001e-06 3
1762052758981 8.920000000000001e-06 4
1762052795571 1.0900000000000002e-05 5
1762052831802 1.2880000000000004e-05 6
1762052868196 1.4860000000000003e-05 7
1762052904859 1.6840000000000005e-05 8
1762052941185 1.8820000000000006e-05 9
1762052977687 2.0800000000000008e-05 10
1762053014329 2.2780000000000006e-05 11
1762053050642 2.4760000000000007e-05 12
1762053087155 2.6740000000000008e-05 13
1762053123882 2.872000000000001e-05 14
1762053160371 3.0700000000000014e-05 15
1762053196724 3.268000000000001e-05 16
1762053233337 3.466000000000001e-05 17
1762053269993 3.664000000000001e-05 18
1762053306245 3.862000000000001e-05 19
1762053342642 4.060000000000001e-05 20
1762053378971 4.258000000000001e-05 21
1762053415138 4.456000000000001e-05 22
1762053451605 4.6540000000000005e-05 23
1762053488280 4.852e-05 24
1762053524919 5.050000000000001e-05 25
1762053561435 5.248000000000001e-05 26
1762053598248 5.446000000000002e-05 27
1762053634961 5.6440000000000015e-05 28
1762053671087 5.842000000000001e-05 29
1762053707294 6.040000000000001e-05 30
1762053743712 6.238000000000001e-05 31
1762053779906 6.436e-05 32
1762053816429 6.634e-05 33
1762053852908 6.832000000000001e-05 34
1762053889452 7.03e-05 35
1762053925825 7.228e-05 36
1762053962307 7.426000000000001e-05 37
1762053998752 7.624e-05 38
1762054035027 7.822e-05 39
1762054071269 8.020000000000001e-05 40
1762054107685 8.218e-05 41
1762054144002 8.416e-05 42
1762054181172 8.613999999999999e-05 43
1762054218880 8.811999999999998e-05 44
1762054255310 9.009999999999997e-05 45
1762054291878 9.207999999999996e-05 46
