1762052612827 0.10343639813982371 0
1762052649594 0.09813948221677958 1
1762052685807 0.08612493310259822 2
1762052722253 0.07191805031608506 3
1762052758978 0.058447912399752985 4
1762052795568 0.04917249396146334 5
1762052831799 0.04339619461088085 6
1762052868193 0.039185393166007394 7
1762052904855 0.0363292009975031 8
1762052941181 0.0345170580741773 9
1762052977683 0.03327483009559372 10
1762053014318 0.03212100841921826 11
1762053050638 0.03138530024410878 12
1762053087152 0.030771602625862704 13
1762053123879 0.030164087338503016 14
1762053160367 0.029399338797774427 15
1762053196720 0.028610781191591408 16
1762053233334 0.028388972308152537 17
1762053269990 0.02799232554841675 18
1762053306241 0.027741344223584843 19
1762053342638 0.027650634835526794 20
1762053378968 0.027387024920149102 21
1762053415134 0.027104824557405375 22
1762053451602 0.02704670777996117 23
1762053488276 0.02686876655862577 24
1762053524916 0.026716630403385604 25
1762053561432 0.02678500583203528 26
1762053598245 0.026827169496850715 27
1762053634777 0.02695542307094086 28
1762053671083 0.026870512952440206 29
1762053707291 0.026765527954925334 30
1762053743712 0.026977536963465998 31
1762053779902 0.02692144429465861 32
1762053816426 0.027006830282484573 33
1762053852904 0.02718071585824323 34
1762053889449 0.02716990892970285 35
1762053925821 0.027153726441915646 36
1762053962305 0.02720014613084619 37
1762053998749 0.027280593047110346 38
1762054035019 0.027277869783168616 39
1762054071267 0.02740984767972433 40
1762054107681 0.027540509071064947 41
1762054143999 0.027535453344698365 42
1762054181168 0.027495281868598787 43
1762054218876 0.027705427830995517 44
1762054255307 0.027677565184344485 45
1762054291874 0.027827527000262493 46
