1763441336224 0.8441050350666046 0
1763441339762 0.9691751301288605 1
1763441342877 0.8010659515857697 2
1763441346150 0.8930233418941498 3
1763441349210 0.8442625105381012 4
1763441352331 0.8878104984760284 5
1763441355781 0.8658497631549835 6
1763441358823 0.879034548997879 7
1763441361970 0.8844088017940521 8
1763441365183 0.8888265192508698 9
1763441368229 0.8907496333122253 10
1763441371720 0.8909526765346527 11
1763441374943 0.8951809704303741 12
1763441378031 0.8974751532077789 13
1763441381160 0.89761021733284 14
1763441384375 0.8970409631729126 15
1763441387648 0.9000468552112579 16
1763441390961 0.8944745361804962 17
1763441394158 0.8995860517024994 18
1763441397223 0.8997717201709747 19
1763441400536 0.9001894295215607 20
1763441403966 0.8960286974906921 21
1763441407003 0.9010601937770844 22
1763441410148 0.8975962698459625 23
1763441413344 0.896215558052063 24
1763441336224 0.8441050350666046 0
