1763441336228 0.4465141147375107 0
1763441339765 0.7825566828250885 1
1763441342881 0.6710907816886902 2
1763441346153 0.6075700521469116 3
1763441349214 0.5940680503845215 4
1763441352334 0.6025265157222748 5
1763441355786 0.5539549589157104 6
1763441358827 0.5316804200410843 7
1763441361974 0.5046465545892715 8
1763441365187 0.5854393839836121 9
1763441368233 0.7223126590251923 10
1763441371723 0.8236441314220428 11
1763441374948 0.8886423707008362 12
1763441378034 0.9222589135169983 13
1763441381164 0.9314002394676208 14
1763441384379 0.9487733244895935 15
1763441387652 0.9523825347423553 16
1763441390965 0.9583921432495117 17
1763441394162 0.959930419921875 18
1763441397226 0.9654179811477661 19
1763441400543 0.9679491817951202 20
1763441403970 0.974917471408844 21
1763441407007 0.9765451848506927 22
1763441410152 0.976069837808609 23
1763441413347 0.9781477749347687 24
1763441336228 0.4465141147375107 0
