1763441336226 0.679889902472496 0
1763441339763 0.9258304536342621 1
1763441342879 0.8747794926166534 2
1763441346152 0.833163321018219 3
1763441349212 0.7977380156517029 4
1763441352332 0.7749862968921661 5
1763441355784 0.6893173158168793 6
1763441358825 0.6322230994701385 7
1763441361972 0.4806985557079315 8
1763441365185 0.35227862000465393 9
1763441368231 0.2708081752061844 10
1763441371722 0.17839950323104858 11
1763441374946 0.11292247846722603 12
1763441378033 0.0794338658452034 13
1763441381162 0.05766657739877701 14
1763441384377 0.055077116936445236 15
1763441387650 0.03893633931875229 16
1763441390963 0.03344494663178921 17
1763441394160 0.03300118446350098 18
1763441397225 0.03114253468811512 19
1763441400540 0.02627770882099867 20
1763441403968 0.01809690147638321 21
1763441407005 0.022881679236888885 22
1763441410150 0.018296112306416035 23
1763441413346 0.01767205260694027 24
1763441336226 0.679889902472496 0
