1763441336223 2.1368436217308044 0
1763441339760 3.454606056213379 1
1763441342876 2.8092700242996216 2
1763441346148 2.419358015060425 3
1763441349208 2.240944266319275 4
1763441352329 2.100805878639221 5
1763441355780 1.7204065322875977 6
1763441358821 1.5075870752334595 7
1763441361968 1.0717841386795044 8
1763441365181 0.8237394988536835 9
1763441368227 0.6830865144729614 10
1763441371719 0.544129878282547 11
1763441374942 0.46001653373241425 12
1763441378028 0.4207138121128082 13
1763441381158 0.3966722935438156 14
1763441384373 0.39280207455158234 15
1763441387646 0.3763548284769058 16
1763441390959 0.36876219511032104 17
1763441394157 0.3669176548719406 18
1763441397222 0.3656153678894043 19
1763441400533 0.3601701706647873 20
1763441403964 0.35290972888469696 21
1763441407002 0.35834307968616486 22
1763441410147 0.3522097021341324 23
1763441413342 0.35151034593582153 24
1763441336223 2.1368436217308044 0
