1763441336221 1.1022860705852509 0
1763441339758 0.26778168976306915 1
1763441342874 0.45409202575683594 2
1763441346146 0.5597609579563141 3
1763441349206 0.589095801115036 4
1763441352327 0.5656298995018005 5
1763441355778 0.6708832681179047 6
1763441358819 0.7019529640674591 7
1763441361966 0.7584204077720642 8
1763441365179 0.5829898416996002 9
1763441368225 0.34427379071712494 10
1763441371717 0.20296815782785416 11
1763441374940 0.12035541608929634 12
1763441378026 0.0827498808503151 13
1763441381156 0.07202594727277756 14
1763441384371 0.05304861068725586 15
1763441387644 0.04909093677997589 16
1763441390957 0.042794421315193176 17
1763441394155 0.041201937943696976 18
1763441397218 0.03539532423019409 19
1763441400530 0.03274448961019516 20
1763441403962 0.025506465695798397 21
1763441407000 0.023814348503947258 22
1763441410145 0.024318511597812176 23
1763441413340 0.022156725637614727 24
1763441336221 1.1022860705852509 0
