1763442328560 1.4273156523704529 0
1763442331919 1.2177499532699585 1
1763442334946 0.7386510670185089 2
1763442338124 0.5266692638397217 3
1763442341164 0.4663253575563431 4
1763442344325 0.434561163187027 5
1763442347729 0.41894374787807465 6
1763442350777 0.4009731858968735 7
1763442354092 0.3903251886367798 8
1763442357184 0.3846844285726547 9
1763442360269 0.38718852400779724 10
1763442363749 0.39809514582157135 11
1763442366799 0.3782995343208313 12
1763442369918 0.37413980066776276 13
1763442372963 0.3760211765766144 14
1763442376114 0.36993053555488586 15
1763442379516 0.3691549301147461 16
1763442382577 0.37095698714256287 17
1763442385716 0.3799237012863159 18
1763442388773 0.3767577111721039 19
1763442391961 0.36922746896743774 20
1763442395238 0.36452288925647736 21
1763442398525 0.37099024653434753 22
1763442401558 0.3614424020051956 23
1763442404617 0.3646959066390991 24
