1763442328566 0.5366813093423843 0
1763442331925 0.9356252551078796 1
1763442334952 0.9374837875366211 2
1763442338128 0.9586966633796692 3
1763442341168 0.9684967994689941 4
1763442344331 0.9819921553134918 5
1763442347735 0.986023485660553 6
1763442350782 0.9884454905986786 7
1763442354097 0.9899372160434723 8
1763442357189 0.9922682344913483 9
1763442360275 0.9926003217697144 10
1763442363755 0.9936036169528961 11
1763442366805 0.9937485754489899 12
1763442369923 0.9949851334095001 13
1763442372969 0.9956072866916656 14
1763442376120 0.9958579540252686 15
1763442379522 0.9966500103473663 16
1763442382582 0.9965665340423584 17
1763442385721 0.9974154233932495 18
1763442388778 0.9973446130752563 19
1763442391967 0.9970940351486206 20
1763442395244 0.9972790479660034 21
1763442398530 0.9976475238800049 22
1763442401563 0.997371107339859 23
1763442404622 0.9979749321937561 24
