1763442328564 0.5553305745124817 0
1763442331923 0.5001101642847061 1
1763442334950 0.2594505697488785 2
1763442338127 0.1346731036901474 3
1763442341167 0.0927504301071167 4
1763442344329 0.06129118427634239 5
1763442347733 0.04671761579811573 6
1763442350781 0.032897816970944405 7
1763442354096 0.0258414875715971 8
1763442357188 0.02354827243834734 9
1763442360273 0.020019786432385445 10
1763442363753 0.022403485141694546 11
1763442366803 0.016723350156098604 12
1763442369922 0.013853725977241993 13
1763442372967 0.012042729649692774 14
1763442376118 0.011684420518577099 15
1763442379520 0.00879814988002181 16
1763442382580 0.008546181954443455 17
1763442385720 0.008917297702282667 18
1763442388776 0.007543653715401888 19
1763442391965 0.007979788351804018 20
1763442395242 0.008208797546103597 21
1763442398529 0.006808077916502953 22
1763442401562 0.005853034555912018 23
1763442404621 0.005288599990308285 24
