1763442328562 0.7981244623661041 0
1763442331921 0.8565917313098907 1
1763442334948 0.8345876634120941 2
1763442338126 0.881102055311203 3
1763442341165 0.8971881866455078 4
1763442344327 0.8786158561706543 5
1763442347732 0.9002291262149811 6
1763442350779 0.8919887542724609 7
1763442354094 0.9045599102973938 8
1763442357186 0.8971479833126068 9
1763442360271 0.8860080540180206 10
1763442363751 0.9049798548221588 11
1763442366802 0.8982133865356445 12
1763442369920 0.8945229947566986 13
1763442372965 0.9078060984611511 14
1763442376116 0.8997756242752075 15
1763442379518 0.8952601253986359 16
1763442382579 0.9054005444049835 17
1763442385718 0.8820376098155975 18
1763442388775 0.9000972211360931 19
1763442391963 0.8999761343002319 20
1763442395240 0.9078878462314606 21
1763442398527 0.9035462439060211 22
1763442401560 0.8923119306564331 23
1763442404619 0.9031791687011719 24
