1763442328558 0.8721220642328262 0
1763442331916 0.06875735521316528 1
1763442334944 0.06664572097361088 2
1763442338122 0.0430730152875185 3
1763442341162 0.03257739171385765 4
1763442344323 0.018320214934647083 5
1763442347728 0.014147937763482332 6
1763442350775 0.01166378939524293 7
1763442354090 0.010156306438148022 8
1763442357182 0.007777922786772251 9
1763442360267 0.007449643919244409 10
1763442363747 0.006431563990190625 11
1763442366797 0.006292324047535658 12
1763442369916 0.0050367016810923815 13
1763442372961 0.004407974658533931 14
1763442376112 0.004156381823122501 15
1763442379512 0.0033588262740522623 16
1763442382575 0.0034471729304641485 17
1763442385714 0.0025903810746967793 18
1763442388771 0.0026613203808665276 19
1763442391959 0.0029136865632608533 20
1763442395236 0.0027269807178527117 21
1763442398522 0.0023576311068609357 22
1763442401556 0.0026346909580752254 23
1763442404614 0.0020281089236959815 24
