1764453903052 15.33152723312378 0
1764453906452 15.023745059967041 1
1764453909574 16.45460557937622 2
1764453912708 24.589917182922363 3
1764453915833 43.88216590881348 4
1764453918949 48.61633110046387 5
1764453922286 49.898000717163086 6
1764453925458 50.13357734680176 7
1764453928545 50.23298263549805 8
1764453931604 50.349374771118164 9
1764453934694 50.38566780090332 10
1764453938035 50.33749008178711 11
1764453941148 50.43882751464844 12
1764453944240 50.3624210357666 13
1764453947344 50.1705322265625 14
1764453950429 50.23069190979004 15
1764453953763 50.399044036865234 16
1764453956893 50.40154457092285 17
1764453959962 50.23855209350586 18
1764453963054 50.23054122924805 19
1764453966134 50.33377265930176 20
1764453969511 50.562204360961914 21
1764453972636 50.44558334350586 22
1764453975736 50.24723434448242 23
1764453978829 50.28143882751465 24
1764453981908 50.30163383483887 25
1764453985295 50.374006271362305 26
1764453988373 50.143001556396484 27
1764453991454 50.244985580444336 28
1764453994547 50.263044357299805 29
1764453997642 50.34006118774414 30
1764454001030 50.379255294799805 31
1764454004122 50.146047592163086 32
1764454007198 50.21115303039551 33
1764454010284 50.20020294189453 34
1764454013359 50.25534248352051 35
1764454016677 50.1716194152832 36
1764454019768 50.43225288391113 37
1764454022883 50.234832763671875 38
1764454025961 50.56888771057129 39
1764454029043 50.362239837646484 40
1764454032463 50.32852363586426 41
1764454035683 50.30188179016113 42
1764454038774 50.3111515045166 43
1764454041856 50.36480903625488 44
1764454044928 50.41346740722656 45
1764454048241 50.32844161987305 46
1764454051329 50.53378486633301 47
1764454054428 50.531497955322266 48
1764454057517 50.37368202209473 49
1764454060592 50.4519157409668 50
1764454063927 50.382856369018555 51
1764454067020 50.42173194885254 52
1764454070132 50.36709213256836 53
1764454073200 50.261396408081055 54
1764454076281 50.31227684020996 55
1764454079624 50.20174980163574 56
1764454082716 50.26477813720703 57
1764454085826 50.3824520111084 58
1764454088905 50.4403133392334 59
1764454091992 50.211713790893555 60
1764454095429 50.38632774353027 61
1764454098564 50.39411163330078 62
1764454101646 50.225942611694336 63
1764454104736 50.261924743652344 64
1764454107836 50.30569648742676 65
1764454111166 50.36679267883301 66
1764454114255 50.15969657897949 67
1764454117347 50.33943748474121 68
1764454120439 50.36442947387695 69
1764454123534 50.42916488647461 70
1764454126848 50.35281181335449 71
1764454129947 50.41621780395508 72
1764454133034 50.24045944213867 73
1764454136137 50.2825927734375 74
1764454139223 50.357845306396484 75
1764454142580 50.298940658569336 76
1764454145674 50.341264724731445 77
1764454148747 50.549570083618164 78
1764454151849 50.32238578796387 79
1764454155098 50.39000129699707 80
1764454158554 50.19890022277832 81
1764454161669 50.36953163146973 82
1764454164759 50.223012924194336 83
1764454167864 50.411869049072266 84
1764454170959 50.23324775695801 85
1764454174271 50.398956298828125 86
1764454177353 50.19760513305664 87
1764454180448 50.380592346191406 88
1764454183515 50.20835304260254 89
1764454186582 50.239158630371094 90
1764454189894 50.38689994812012 91
1764454192968 50.31970024108887 92
1764454196048 50.35344314575195 93
1764454199132 50.39051628112793 94
1764454202227 50.45334053039551 95
1764454205554 50.37083053588867 96
1764454208652 50.354047775268555 97
1764454211717 50.43153190612793 98
1764454214947 50.1737174987793 99
1764453903052 15.33152723312378 0
