1764453903074 8.366845847262994e-07 0
1764453906466 3.849876765826821e-06 1
1764453909574 1.387970327115795e-06 2
1764453912728 9.038433886318256e-07 3
1764453915846 4.2511606386347785e-18 4
1764453918951 1.3659955218640213e-20 5
1764453922291 3.921939347565408e-21 6
1764453925468 2.6455835065247475e-21 7
1764453928550 6.483604007697587e-21 8
1764453931604 2.113890246663827e-21 9
1764453934697 2.420249995896052e-21 10
1764453938051 1.4484141037517983e-21 11
1764453941148 4.907521008454506e-21 12
1764453944246 1.5424502111606838e-21 13
1764453947344 1.2441241910949707e-20 14
1764453950436 3.4728703439318286e-21 15
1764453953769 1.296977296191862e-21 16
1764453956901 2.028225152527912e-21 17
1764453959978 5.022372390983562e-21 18
1764453963070 3.0315626208894693e-21 19
1764453966150 2.5499271166818614e-21 20
1764453969517 2.26050558685815e-21 21
1764453972636 2.0339341325881094e-21 22
1764453975747 5.416444536660029e-21 23
1764453978836 2.7974950442665585e-21 24
1764453981908 1.5075302040293574e-21 25
1764453985305 2.581378862133504e-21 26
1764453988373 2.6317908352659226e-21 27
1764453991454 3.1204526288930254e-21 28
1764453994563 2.1972745861505665e-21 29
1764453997654 2.8066302807409585e-21 30
1764454001046 3.763401782116524e-21 31
1764454004137 2.0291617891687864e-21 32
1764454007206 4.736338242508644e-21 33
1764454010293 5.900283550256973e-21 34
1764454013371 1.6753372410486287e-20 35
1764454016677 2.1383318585673133e-21 36
1764454019768 6.4465965610150755e-21 37
1764454022887 2.5391421637953653e-21 38
1764454025961 1.911667911933857e-21 39
1764454029050 2.9299315878770566e-21 40
1764454032471 4.849063108472714e-21 41
1764454035689 1.707715586306076e-21 42
1764454038781 1.1928179097045857e-20 43
1764454041868 3.2042383912954394e-21 44
1764454044944 3.647428980168155e-21 45
1764454048248 2.3670072111824657e-21 46
1764454051329 1.510893704980828e-21 47
1764454054435 3.2502794439242096e-21 48
1764454057523 2.4889464773904964e-21 49
1764454060592 9.534698572164839e-21 50
1764454063927 2.4481788526280456e-21 51
1764454067037 2.951190997997754e-21 52
1764454070139 3.26941895128975e-21 53
1764454073204 2.8338112216041557e-21 54
1764454076303 2.2896107929720094e-21 55
1764454079624 3.487775044009751e-21 56
1764454082736 5.246908205464898e-21 57
1764454085828 1.5548394420711353e-21 58
1764454088911 4.642079840407555e-21 59
1764454091998 2.98628599341052e-21 60
1764454095429 3.594307970334786e-21 61
1764454098564 2.0995798302156873e-21 62
1764454101655 4.4414730928114776e-21 63
1764454104736 2.472980942410782e-21 64
1764454107844 2.1588274998704628e-21 65
1764454111166 2.9664843477555732e-21 66
1764454114270 2.6226872037148294e-21 67
1764454117347 3.196642910333835e-21 68
1764454120439 2.9964780258188775e-21 69
1764454123542 3.424183817858407e-21 70
1764454126855 5.968735775171612e-21 71
1764454129947 2.3622765701060363e-21 72
1764454133048 4.585501575081851e-21 73
1764454136137 3.6576737211067555e-21 74
1764454139223 2.040779021864727e-21 75
1764454142596 3.5466156361938834e-21 76
1764454145676 1.8686976360627355e-21 77
1764454148747 2.2048475498664924e-21 78
1764454151856 1.5743031775796089e-21 79
1764454155108 2.9246955709503064e-21 80
1764454158561 3.410347727695359e-21 81
1764454161669 5.008729565431406e-21 82
1764454164775 3.7035386242508335e-21 83
1764454167864 4.059559098598217e-21 84
1764454170962 3.72373447316645e-21 85
1764454174271 9.71898203320524e-21 86
1764454177353 2.803633063685e-21 87
1764454180452 4.180749237247101e-21 88
1764454183515 7.59989838072532e-21 89
1764454186582 8.335167837334412e-21 90
1764454189910 1.6070827337069193e-21 91
1764454192975 4.210376278005208e-21 92
1764454196056 4.081722934591307e-21 93
1764454199137 1.907047383218022e-21 94
1764454202227 2.910883512645875e-21 95
1764454205562 2.921195300450532e-21 96
1764454208663 2.755853770566616e-20 97
1764454211717 3.8323443377262996e-21 98
1764454214968 7.483080323783337e-21 99
1764453903074 8.366845847262994e-07 0
