1764453903068 0.9935028851032257 0
1764453906452 0.16644304245710373 1
1764453909574 0.09256218001246452 2
1764453912708 0.36206487379968166 3
1764453915833 0.2076940902043134 4
1764453918951 5.749677072230952e-07 5
1764453922287 7.471110397005987e-08 6
1764453925468 1.2555588657647831e-07 7
1764453928548 1.2564284368465906e-07 8
1764453931604 6.534610630382076e-09 9
1764453934697 1.2840056484719753e-07 10
1764453938035 1.1482903516935039e-08 11
1764453941148 9.364928104105275e-07 12
1764453944242 2.5442549622667343e-08 13
1764453947344 1.2721264153192635e-08 14
1764453950433 2.039189817004683e-08 15
1764453953765 6.548634111647189e-06 16
1764453956896 1.0623226964767696e-08 17
1764453959962 8.980615417986115e-09 18
1764453963054 7.040204508257375e-08 19
1764453966134 9.04568171478104e-08 20
1764453969511 4.826519717227029e-08 21
1764453972636 8.94991325495198e-09 22
1764453975736 2.787592237041281e-07 23
1764453978832 4.340040931083422e-07 24
1764453981908 3.77697997322457e-08 25
1764453985295 3.1889928941986057e-07 26
1764453988373 1.0377598558264367e-08 27
1764453991454 5.4149813522030854e-08 28
1764453994547 1.3449128055675885e-07 29
1764453997642 3.352769084585917e-08 30
1764454001030 1.8160831061210236e-08 31
1764454004122 3.959794998564803e-07 32
1764454007202 1.523890591492716e-08 33
1764454010284 3.919748459146888e-08 34
1764454013359 2.2413150224664946e-09 35
1764454016677 1.6738231689572558e-08 36
1764454019768 9.896584440838296e-09 37
1764454022886 8.499600134825869e-09 38
1764454025961 2.0519802523821795e-09 39
1764454029046 1.1128338073262967e-07 40
1764454032463 2.2243268027466456e-07 41
1764454035685 7.377976096734074e-08 42
1764454038777 3.6382992174566198e-09 43
1764454041856 1.3550240041126926e-08 44
1764454044928 7.742260610399399e-09 45
1764454048244 3.136309700835227e-08 46
1764454051329 1.3473022590915207e-06 47
1764454054430 1.4377338892757052e-06 48
1764454057519 5.3392616994329956e-08 49
1764454060592 9.075819917825356e-08 50
1764454063927 2.468520410303654e-08 51
1764454067031 2.347246141898296e-08 52
1764454070135 3.9146256236577415e-09 53
1764454073202 2.4849660533732276e-06 54
1764454076297 8.033938625473525e-09 55
1764454079624 1.3171566948244617e-08 56
1764454082716 5.035283523469047e-09 57
1764454085828 4.69792560631177e-07 58
1764454088907 1.0104410153033427e-07 59
1764454091992 3.6802718206274676e-08 60
1764454095429 4.4887834782514346e-08 61
1764454098564 4.702501072983978e-07 62
1764454101649 5.475368070051445e-08 63
1764454104736 4.65661342819972e-10 64
1764454107836 1.9769534187474846e-07 65
1764454111166 1.0297815222770623e-07 66
1764454114255 2.7939688340700053e-09 67
1764454117347 7.91624898966049e-09 68
1764454120439 3.891603483907602e-08 69
1764454123537 2.8042059785349238e-08 70
1764454126851 1.8805575818792164e-08 71
1764454129947 4.656613428204544e-10 72
1764454133034 2.204900967583967e-06 73
1764454136137 1.1641542840836467e-08 74
1764454139223 6.984921530063338e-09 75
1764454142580 7.57905667669867e-08 76
1764454145676 5.2092817171001116e-08 77
1764454148747 4.2063038607764724e-09 78
1764454151852 2.4214433125280838e-08 79
1764454155098 1.4785155499907887e-07 80
1764454158557 7.18960713186334e-09 81
1764454161669 7.363591736364583e-09 82
1764454164759 2.6199851177486195e-09 83
1764454167864 3.5513073592952082e-09 84
1764454170961 6.181028844309822e-08 85
1764454174271 1.7229499604817836e-08 86
1764454177353 2.9602773565784446e-08 87
1764454180450 1.1498255236830346e-08 88
1764454183515 5.0670262874419336e-08 89
1764454186582 3.021682837278661e-08 90
1764454189894 6.8750518806837135e-06 91
1764454192971 2.0866559147236785e-07 92
1764454196051 3.587642717350903e-07 93
1764454199135 1.428526843927358e-06 94
1764454202227 4.4427313494743714e-08 95
1764454205554 1.1393009557991718e-06 96
1764454208652 9.32858146285298e-09 97
1764454211717 6.258283669069442e-09 98
1764454214963 6.162619303751171e-08 99
1764453903068 0.9935028851032257 0
