1764453903070 0.8365604281425476 0
1764453906466 0.9916418492794037 1
1764453909574 0.9926013648509979 2
1764453912724 0.9910249710083008 3
1764453915833 0.8898767828941345 4
1764453918951 0.9999994337558746 5
1764453922289 0.9999999403953552 6
1764453925468 0.9999998807907104 7
1764453928550 0.9999998807907104 8
1764453931604 1.0 9
1764453934697 0.9999998807907104 10
1764453938035 1.0 11
1764453941148 0.9999990463256836 12
1764453944244 1.0 13
1764453947344 1.0 14
1764453950433 1.0 15
1764453953767 0.9999934434890747 16
1764453956896 1.0 17
1764453959978 1.0 18
1764453963054 0.9999999701976776 19
1764453966134 0.9999999105930328 20
1764453969511 0.9999999701976776 21
1764453972636 1.0 22
1764453975742 0.9999997317790985 23
1764453978834 0.999999612569809 24
1764453981908 0.9999999701976776 25
1764453985295 0.9999997019767761 26
1764453988373 1.0 27
1764453991454 0.9999999403953552 28
1764453994563 0.9999998807907104 29
1764453997642 0.9999999701976776 30
1764454001046 1.0 31
1764454004122 0.9999996423721313 32
1764454007204 1.0 33
1764454010284 0.9999999701976776 34
1764454013359 1.0 35
1764454016677 1.0 36
1764454019768 1.0 37
1764454022887 1.0 38
1764454025961 1.0 39
1764454029048 0.9999998807907104 40
1764454032463 0.9999997913837433 41
1764454035687 0.9999999403953552 42
1764454038779 1.0 43
1764454041856 1.0 44
1764454044944 1.0 45
1764454048246 1.0 46
1764454051329 0.9999986588954926 47
1764454054432 0.9999985992908478 48
1764454057521 0.9999999701976776 49
1764454060592 0.9999999403953552 50
1764454063927 1.0 51
1764454067031 0.9999999701976776 52
1764454070137 1.0 53
1764454073204 0.9999975562095642 54
1764454076299 1.0 55
1764454079624 1.0 56
1764454082732 1.0 57
1764454085828 0.9999995231628418 58
1764454088908 0.9999999403953552 59
1764454091996 0.9999999701976776 60
1764454095429 0.9999999701976776 61
1764454098564 0.9999995529651642 62
1764454101650 0.9999999701976776 63
1764454104736 1.0 64
1764454107841 0.9999998211860657 65
1764454111166 0.9999999403953552 66
1764454114255 1.0 67
1764454117347 1.0 68
1764454120439 1.0 69
1764454123539 1.0 70
1764454126853 1.0 71
1764454129947 1.0 72
1764454133034 0.9999978244304657 73
1764454136137 1.0 74
1764454139223 1.0 75
1764454142580 0.9999999403953552 76
1764454145676 0.9999999701976776 77
1764454148747 1.0 78
1764454151854 0.9999999701976776 79
1764454155098 0.9999998807907104 80
1764454158559 1.0 81
1764454161669 1.0 82
1764454164770 1.0 83
1764454167864 1.0 84
1764454170962 0.9999999403953552 85
1764454174271 1.0 86
1764454177353 1.0 87
1764454180452 1.0 88
1764454183515 0.9999999403953552 89
1764454186582 1.0 90
1764454189894 0.9999931454658508 91
1764454192973 0.9999998211860657 92
1764454196053 0.9999996423721313 93
1764454199137 0.9999985992908478 94
1764454202227 0.9999999701976776 95
1764454205554 0.9999988675117493 96
1764454208663 1.0 97
1764454211717 1.0 98
1764454214966 0.9999999701976776 99
1764453903070 0.8365604281425476 0
