1764453903072 0.36825641617178917 0
1764453906466 0.11758590489625931 1
1764453909574 0.06906450027599931 2
1764453912726 0.21120745060034096 3
1764453915833 2.034481658853171e-13 4
1764453918951 1.2034206768689606e-19 5
1764453922289 6.639690121619181e-21 6
1764453925468 3.0229486132141414e-21 7
1764453928550 6.6802569087060496e-21 8
1764453931604 2.1336047515877393e-21 9
1764453934697 2.4252647783596547e-21 10
1764453938051 1.4491577787043682e-21 11
1764453941148 4.907963073484017e-21 12
1764453944246 1.542686945162897e-21 13
1764453947344 1.2442080400672197e-20 14
1764453950436 3.4723797103141046e-21 15
1764453953767 1.296546540272288e-21 16
1764453956896 2.0284010495771147e-21 17
1764453959978 5.0228013293676105e-21 18
1764453963070 3.0317740608556175e-21 19
1764453966150 2.5492924938608292e-21 20
1764453969511 2.260044942576599e-21 21
1764453972636 2.0340304114838698e-21 22
1764453975744 5.4172278439844775e-21 23
1764453978834 2.7967928697084904e-21 24
1764453981908 1.5074640154439657e-21 25
1764453985295 2.581407841727718e-21 26
1764453988373 2.6320562964268603e-21 27
1764453991454 3.1203698805395113e-21 28
1764453994563 2.197666668953123e-21 29
1764453997642 2.8070547762603888e-21 30
1764454001046 3.763811838325945e-21 31
1764454004137 2.0291409884844376e-21 32
1764454007204 4.7339730229446254e-21 33
1764454010291 5.900521849359222e-21 34
1764454013371 1.6753389576099584e-20 35
1764454016677 2.1381299606626746e-21 36
1764454019768 6.445969915155517e-21 37
1764454022887 2.5391290371499024e-21 38
1764454025961 1.9117659578780453e-21 39
1764454029050 2.9299026082828424e-21 40
1764454032471 4.8503600210444465e-21 41
1764454035689 1.707916524955854e-21 42
1764454038779 1.1928818061757312e-20 43
1764454041856 3.204444075732423e-21 44
1764454044944 3.647698581271123e-21 45
1764454048246 2.3672732781885786e-21 46
1764454051329 1.5104081200728974e-21 47
1764454054433 3.249837479868894e-21 48
1764454057521 2.4899312787228e-21 49
1764454060592 9.536185619147391e-21 50
1764454063927 2.4477366866243384e-21 51
1764454067035 2.9518300131963063e-21 52
1764454070137 3.2690865442369517e-21 53
1764454073204 2.833681368788269e-21 54
1764454076301 2.2897601842947965e-21 55
1764454079624 3.487879047431495e-21 56
1764454082734 5.2459166388614714e-21 57
1764454085828 1.5543778385347234e-21 58
1764454088910 4.640181323576839e-21 59
1764454091998 2.9866720177613245e-21 60
1764454095429 3.5949567295432394e-21 61
1764454098564 2.0998718980772363e-21 62
1764454101653 4.441940401389956e-21 63
1764454104736 2.473015374611573e-21 64
1764454107841 2.1586927498060766e-21 65
1764454111166 2.9662424135822728e-21 66
1764454114255 2.6227414773451086e-21 67
1764454117347 3.19696269561215e-21 68
1764454120439 2.9968987852930607e-21 69
1764454123540 3.423647846826738e-21 70
1764454126853 5.968792320721298e-21 71
1764454129947 2.362417833006056e-21 72
1764454133034 4.586144174864357e-21 73
1764454136137 3.657156531275518e-21 74
1764454139223 2.0410819949394297e-21 75
1764454142580 3.547641735972297e-21 76
1764454145676 1.868795984929511e-21 77
1764454148747 2.2049247951263316e-21 78
1764454151854 1.574122938639984e-21 79
1764454155098 2.9248731845608387e-21 80
1764454158561 3.409906167536827e-21 81
1764454161669 5.009275028037486e-21 82
1764454164773 3.703367170066249e-21 83
1764454167864 4.059853539353369e-21 84
1764454170962 3.723713268585318e-21 85
1764454174271 9.723171048695032e-21 86
1764454177353 2.803685873189439e-21 87
1764454180452 4.181307523576057e-21 88
1764454183515 7.602265215876472e-21 89
1764454186582 8.335152287308248e-21 90
1764454189910 1.6060086206983704e-21 91
1764454192973 4.211326445188328e-21 92
1764454196054 4.0810883117702746e-21 93
1764454199137 1.906780760853832e-21 94
1764454202227 2.9103081616778173e-21 95
1764454205562 2.9210906911836126e-21 96
1764454208663 2.754166875455601e-20 97
1764454211717 3.832064235306961e-21 98
1764454214968 7.480456206381112e-21 99
1764453903072 0.36825641617178917 0
