1764459685785 3.2265466451644897 0
1764459689176 0.23102839291095734 1
1764459692311 0.2162923961877823 2
1764459695408 0.29263855144381523 3
1764459698504 2.073473036289215 4
1764459701599 0.38072820007801056 5
1764459704957 5.31394360905324e-05 6
1764459708074 4.742498504128889e-06 7
1764459711196 1.225581576136392e-05 8
1764459714316 2.1141529771284695e-06 9
1764459717403 3.716886389781848e-05 10
1764459720749 2.2515099999509403e-05 11
1764459723876 8.269038858088607e-06 12
1764459726975 0.00010776559020087007 13
1764459730092 1.0876998715048103e-05 14
1764459733193 0.0016351982521882746 15
1764459736564 1.1804670975834597e-05 16
1764459739713 1.7522855841889395e-06 17
1764459742842 4.235955998410645e-06 18
1764459745959 4.496499059314374e-06 19
1764459749072 3.123135371652097e-06 20
1764459752444 2.2912702643651528e-05 21
1764459755568 5.34784790033882e-05 22
1764459758696 3.1924455470289104e-06 23
1764459761847 3.84422989441191e-07 24
1764459764956 3.874318053931347e-06 25
1764459768301 1.3116135164636944e-06 26
1764459771458 0.00044673160380170884 27
