1764459685785 0.0003465549118573108 0
1764459689176 3.1157028388406616e-06 1
1764459692311 1.4858348293955714e-06 2
1764459695408 6.907102442776925e-08 3
1764459698520 2.2722175344833715e-05 4
1764459701599 2.937493674778821e-22 5
1764459704962 4.296264679730729e-25 6
1764459708087 5.381671957771127e-26 7
1764459711201 1.1662283580813454e-25 8
1764459714321 3.621506341474114e-26 9
1764459717407 8.64165135825102e-26 10
1764459720767 5.897402485696997e-26 11
1764459723892 3.2618466280795755e-26 12
1764459726975 1.296113997977194e-25 13
1764459730092 6.015708741432409e-26 14
1764459733197 5.093791961552692e-26 15
1764459736564 7.598364630317557e-26 16
1764459739720 4.272015680986938e-26 17
1764459742842 2.8291844322909617e-25 18
1764459745963 3.797358382464246e-26 19
1764459749080 6.803165797798358e-26 20
1764459752444 5.626722661663093e-26 21
1764459755568 5.786653424988964e-26 22
1764459758696 1.427835033702604e-25 23
1764459761849 1.5643254115274153e-25 24
1764459764966 5.153391943686095e-26 25
1764459768305 5.549770358879552e-26 26
1764459771463 3.2474916707204863e-26 27
