1764459685785 0.7041922509670258 0
1764459689176 0.1627853736281395 1
1764459692311 0.14308792166411877 2
1764459695408 0.1558701150061097 3
1764459698520 0.4884046297520399 4
1764459701599 7.572407709994342e-16 5
1764459704961 3.437600480538911e-24 6
1764459708087 9.230587176697829e-26 7
1764459711196 1.3164555159754164e-25 8
1764459714318 3.762458605942005e-26 9
1764459717407 8.714613596412978e-26 10
1764459720765 5.90626723308222e-26 11
1764459723892 3.2629433296271073e-26 12
1764459726975 1.2957252374623397e-25 13
1764459730092 6.007432173052202e-26 14
1764459733197 4.9900898785111724e-26 15
1764459736564 7.564833727762589e-26 16
1764459739718 4.267393372083211e-26 17
1764459742842 2.828256349761921e-25 18
1764459745963 3.79626114165633e-26 19
1764459749072 6.794560819844034e-26 20
1764459752444 5.622451873492815e-26 21
1764459755568 5.778071173007984e-26 22
1764459758696 1.428153674960043e-25 23
1764459761849 1.5638054104424308e-25 24
1764459764963 5.1522992480728474e-26 25
1764459768303 5.549113693805714e-26 26
1764459771460 3.240501161319943e-26 27
