1764459685785 10.997259616851807 0
1764459689176 13.611557483673096 1
1764459692296 15.55360221862793 2
1764459695408 20.25761890411377 3
1764459698504 25.719622135162354 4
1764459701599 54.325605392456055 5
1764459704955 60.04029655456543 6
1764459708074 61.56465148925781 7
1764459711187 61.851436614990234 8
1764459714312 62.04178810119629 9
1764459717389 61.926475524902344 10
1764459720749 61.99886703491211 11
1764459723876 62.003679275512695 12
1764459726975 61.86712455749512 13
1764459730092 61.813228607177734 14
1764459733190 61.85736846923828 15
1764459736548 62.00373649597168 16
1764459739713 62.05882453918457 17
1764459742835 61.79888725280762 18
1764459745957 61.97187805175781 19
1764459749072 62.0203857421875 20
1764459752443 62.03338432312012 21
1764459755568 61.86331748962402 22
1764459758684 62.086307525634766 23
1764459761844 62.040082931518555 24
1764459764956 61.9183464050293 25
1764459768298 61.90637397766113 26
1764459771456 61.90249443054199 27
