1764459685785 0.7099556922912598 0
1764459689176 1.0 1
1764459692311 0.9999535977840424 2
1764459695408 0.9661338925361633 3
1764459698520 0.9855304658412933 4
1764459701599 0.8316164016723633 5
1764459704959 0.9999469518661499 6
1764459708074 0.9999952614307404 7
1764459711196 0.999987781047821 8
1764459714318 0.9999979436397552 9
1764459717405 0.9999628961086273 10
1764459720749 0.9999774694442749 11
1764459723892 0.9999918043613434 12
1764459726975 0.9998931288719177 13
1764459730092 0.9999892115592957 14
1764459733195 0.9986495971679688 15
1764459736564 0.9999882578849792 16
1764459739718 0.9999983012676239 17
1764459742842 0.9999958276748657 18
1764459745961 0.9999955296516418 19
1764459749072 0.9999969005584717 20
1764459752444 0.9999771416187286 21
1764459755568 0.9999468624591827 22
1764459758696 0.9999969005584717 23
1764459761849 0.9999996423721313 24
1764459764963 0.999996155500412 25
1764459768303 0.9999986886978149 26
1764459771460 0.9995709955692291 27
