1763432617235 0.007091306149959564 0
1763432620521 0.0017027855501510203 1
1763432623575 0.0013848364178556949 2
1763432626849 0.017617661273106933 3
1763432629885 0.00038981455145403743 4
1763432633029 0.002776671666651964 5
1763432636435 0.0016249018954113126 6
1763432639478 0.0012056067935191095 7
1763432642809 0.001523967133834958 8
1763432645881 0.0003445484326221049 9
1763432648920 0.0007352018437813967 10
1763432652427 0.0004540413210634142 11
1763432655509 0.0003687499702209607 12
1763432658590 0.00034660997334867716 13
1763432661830 0.000386218074709177 14
1763432664892 0.0002450617612339556 15
1763432668409 0.0002971867361338809 16
1763432671620 0.00020273079280741513 17
1763432674670 0.0002985521423397586 18
1763432677836 0.0002881048931158148 19
1763432681065 0.0003794889635173604 20
1763432684373 0.0002893940109061077 21
1763432687611 0.00029521343822125345 22
1763432690816 0.00025008211378008127 23
1763432693884 0.00018301361706107855 24
1763432617235 0.007091306149959564 0
