1763432617231 0.8378265500068665 0
1763432620519 1.0 1
1763432623571 0.9999999403953552 2
1763432626846 0.4865694307081867 3
1763432629882 0.999976396560669 4
1763432633025 0.997771143913269 5
1763432636431 0.7513687312602997 6
1763432639474 0.9983240067958832 7
1763432642806 0.7460314631462097 8
1763432645877 0.9955668449401855 9
1763432648916 0.9212371408939362 10
1763432652424 0.8560687601566315 11
1763432655506 0.9111511409282684 12
1763432658586 0.8860696256160736 13
1763432661826 0.8925513029098511 14
1763432664889 0.8973884582519531 15
1763432668406 0.8941152691841125 16
1763432671616 0.8947041034698486 17
1763432674666 0.8980132341384888 18
1763432677833 0.8946490585803986 19
1763432681061 0.893221378326416 20
1763432684370 0.8973976671695709 21
1763432687608 0.8986572921276093 22
1763432690812 0.8939160704612732 23
1763432693880 0.8995979428291321 24
1763432617231 0.8378265500068665 0
