1763432617229 6.023482620716095 0
1763432620517 10.13225269317627 1
1763432623569 6.098024964332581 2
1763432626844 4.224224373698235 3
1763432629880 1.6879112720489502 4
1763432633023 0.806149423122406 5
1763432636429 0.9222213923931122 6
1763432639473 0.7211948037147522 7
1763432642804 0.5643224716186523 8
1763432645875 0.6265372037887573 9
1763432648914 0.43646252155303955 10
1763432652422 0.42490658164024353 11
1763432655504 0.39001984894275665 12
1763432658585 0.37326809763908386 13
1763432661825 0.3587202727794647 14
1763432664887 0.3643445819616318 15
1763432668404 0.36121276021003723 16
1763432671614 0.3651732951402664 17
1763432674664 0.3536093235015869 18
1763432677831 0.3551560342311859 19
1763432681060 0.34698550403118134 20
1763432684368 0.3509145826101303 21
1763432687606 0.34774209558963776 22
1763432690811 0.3498610556125641 23
1763432693879 0.3481733053922653 24
1763432617229 6.023482620716095 0
