1763432617233 0.4871499240398407 0
1763432620521 0.11365224793553352 1
1763432623573 0.11404412984848022 2
1763432626847 0.05148218385875225 3
1763432629884 0.3123254533857107 4
1763432633026 0.0324496878311038 5
1763432636433 0.1714385449886322 6
1763432639476 0.03626894298940897 7
1763432642807 0.07797585055232048 8
1763432645879 0.06951611861586571 9
1763432648918 0.055129178799688816 10
1763432652426 0.04809381254017353 11
1763432655507 0.046411288902163506 12
1763432658588 0.039524149149656296 13
1763432661828 0.03017980046570301 14
1763432664891 0.03689581900835037 15
1763432668408 0.03394167311489582 16
1763432671618 0.037725260481238365 17
1763432674668 0.02674273680895567 18
1763432677835 0.027814180590212345 19
1763432681063 0.02016826719045639 20
1763432684372 0.024188422597944736 21
1763432687609 0.02097157295793295 22
1763432690815 0.02293981146067381 23
1763432693882 0.0214625746011734 24
1763432617233 0.4871499240398407 0
