1763432617227 5.67978835105896 0
1763432620514 6.864879608154297 1
1763432623566 7.047283411026001 2
1763432626842 5.666842222213745 3
1763432629878 8.544849395751953 4
1763432633021 6.662546157836914 5
1763432636427 7.187604904174805 6
1763432639471 7.312340974807739 7
1763432642802 7.073495388031006 8
1763432645873 8.49771785736084 9
1763432648912 7.577420473098755 10
1763432652420 8.048070907592773 11
1763432655502 8.283703804016113 12
1763432658583 8.311802864074707 13
1763432661823 8.211846113204956 14
1763432664885 8.692644596099854 15
1763432668402 8.427510738372803 16
1763432671612 8.834195137023926 17
1763432674662 8.439453125 18
1763432677829 8.45458984375 19
1763432681058 8.126934051513672 20
1763432684366 8.389530658721924 21
1763432687604 8.411266803741455 22
1763432690809 8.59031629562378 23
1763432693877 8.876644134521484 24
1763432617227 5.67978835105896 0
