1763446744311 0.15464018755229125 0
1763446769716 0.005226489978822622 1
1763446795159 0.002746912006764336 2
1763446820388 0.001704372251769594 3
1763446845486 0.0013341396900078822 4
1763446870621 0.0009608112894005228 5
1763446895987 0.0007432140381049021 6
1763446920917 0.0006553877552918403 7
1763446945862 0.0005645255483059437 8
1763446970944 0.0004651815050895861 9
1763446995966 0.00035144637358632496 10
1763447021429 0.0002724167395255971 11
1763447046783 0.00023352876053759763 12
1763447071977 0.00019989520701883584 13
1763447097093 0.00017165148949435522 14
1763447122187 0.0001534111914431333 15
1763447147559 0.0001309156166645533 16
1763447172625 0.00011765074222439451 17
1763447197839 0.00010782959101084249 18
1763447223306 9.548887537159885e-05 19
1763447248811 9.074450289072628e-05 20
1763447274458 8.273845499691863e-05 21
1763447299904 7.853410295491497e-05 22
1763447325573 6.880818331900633e-05 23
1763447351253 6.60330232747596e-05 24
