1763446744314 0.9420136368655144 0
1763446769720 0.9956125735391116 1
1763446795163 0.9982128189810624 2
1763446820391 0.9983863319065553 3
1763446845490 0.9990762586289264 4
1763446870625 0.9992772996002901 5
1763446895991 0.9993440563797106 6
1763446920921 0.999483898599097 7
1763446945866 0.999545822752283 8
1763446970948 0.99962199664285 9
1763446995970 0.9996970832770598 10
1763447021433 0.9996931810751029 11
1763447046786 0.9997604616144871 12
1763447071980 0.9997952952452586 13
1763447097098 0.9998071662923123 14
1763447122190 0.9998423520554888 15
1763447147562 0.9998636989728779 16
1763447172629 0.9998781245650975 17
1763447197843 0.999881127201919 18
1763447223310 0.9998900704350032 19
1763447248816 0.9998995471507945 20
1763447274461 0.9998948045656191 21
1763447299908 0.9999157621505412 22
1763447325577 0.9999216790740372 23
1763447351256 0.9999222281976794 24
