1763446744316 0.15573346641918656 0
1763446769722 0.005157233471817053 1
1763446795164 0.0028823515175716253 2
1763446820393 0.0019188118761682765 3
1763446845492 0.001362872489972423 4
1763446870627 0.0010743932835658655 5
1763446895992 0.0008509370518174577 6
1763446920923 0.0007330464190516145 7
1763446945868 0.0006117417278091906 8
1763446970950 0.0004967304461813987 9
1763446995971 0.00043185333548368 10
1763447021434 0.00035916922031076134 11
1763447046788 0.0003218953168483662 12
1763447071981 0.0002812660217296715 13
1763447097099 0.00023718213083318284 14
1763447122193 0.00020337081586542467 15
1763447147565 0.00017303857454495068 16
1763447172631 0.0001579694291636602 17
1763447197845 0.00014587158800832636 18
1763447223312 0.00013561042429010735 19
1763447248818 0.00012750847060571867 20
1763447274463 0.00012229963350035447 21
1763447299910 0.00010745045381180401 22
1763447325579 9.669815049261509e-05 23
1763447351258 9.217082423939046e-05 24
