1763446744317 0.8897892207118636 0
1763446769723 0.9947932404829255 1
1763446795166 0.9972586991093683 2
1763446820395 0.9982978591682218 3
1763446845495 0.9986672139336877 4
1763446870629 0.9990399936412243 5
1763446895994 0.9992572415805032 6
1763446920924 0.9993449314266232 7
1763446945870 0.9994357545325097 8
1763446970951 0.9995349785114857 9
1763446995973 0.9996486547145438 10
1763447021436 0.9997276448188944 11
1763447046790 0.9997665286064148 12
1763447071984 0.9998001392851484 13
1763447097101 0.9998283800503887 14
1763447122195 0.9998466080807625 15
1763447147567 0.9998690997455137 16
1763447172633 0.9998823624130682 17
1763447197846 0.9998921832294329 18
1763447223314 0.9999045133590698 19
1763447248820 0.9999092635533489 20
1763447274465 0.9999172700212356 21
1763447299911 0.9999214732055123 22
1763447325581 0.9999311925671625 23
1763447351260 0.9999339681990603 24
