1763446744313 0.41744392865225144 0
1763446769718 0.010472335519123795 1
1763446795161 0.0047654055309950885 2
1763446820390 0.0036481795931591634 3
1763446845488 0.0023101201505525736 4
1763446870623 0.0018090940801367321 5
1763446895989 0.0015189473431372474 6
1763446920919 0.001257273819750003 7
1763446945864 0.001071752065335275 8
1763446970946 0.0008785999070436872 9
1763446995968 0.0007370763195345033 10
1763447021431 0.0006695881680790203 11
1763447046785 0.0005628926731507353 12
1763447071978 0.00048697014978726834 13
1763447097096 0.00043118361630130244 14
1763447122189 0.00036162184582319746 15
1763447147561 0.0003097536011783948 16
1763447172627 0.0002801880970719462 17
1763447197841 0.0002650462664995699 18
1763447223308 0.00024591013954305057 19
1763447248814 0.00022826792949072502 20
1763447274460 0.0002281213616200967 21
1763447299906 0.00019184933089426594 22
1763447325576 0.00017517665648793287 23
1763447351254 0.00017010886872316058 24
