1763433289166 0.4624636843800545 0
1763433292587 0.13974148407578468 1
1763433295614 0.1984836533665657 2
1763433298791 0.20057234168052673 3
1763433301815 0.26888564229011536 4
1763433304990 0.3457707613706589 5
1763433308281 0.3888709992170334 6
1763433311411 0.43443185091018677 7
1763433314619 0.6345019042491913 8
1763433317626 0.793984979391098 9
1763433320783 1.0554620623588562 10
1763433324002 1.7030003666877747 11
1763433327180 2.073138952255249 12
1763433330181 2.646958112716675 13
1763433333399 3.443860173225403 14
1763433336410 3.9382272958755493 15
1763433339707 4.3005828857421875 16
1763433342998 4.565572023391724 17
1763433346030 4.4725916385650635 18
1763433349065 4.665440559387207 19
1763433352387 5.101295471191406 20
1763433355646 5.028042316436768 21
1763433358831 4.8813560009002686 22
1763433361863 4.972086191177368 23
1763433365164 5.00790810585022 24
1763433289166 0.4624636843800545 0
