1763433289174 0.6885593831539154 0
1763433292595 0.8798089623451233 1
1763433295620 0.8328598737716675 2
1763433298798 0.8282025158405304 3
1763433301821 0.7795179784297943 4
1763433304997 0.7238101661205292 5
1763433308288 0.6988894045352936 6
1763433311419 0.6692939698696136 7
1763433314625 0.5606909692287445 8
1763433317633 0.4908210188150406 9
1763433320791 0.37785086035728455 10
1763433324009 0.21060126274824142 11
1763433327187 0.1470036581158638 12
1763433330188 0.08605535700917244 13
1763433333407 0.04028443805873394 14
1763433336418 0.024561180733144283 15
1763433339715 0.015985621139407158 16
1763433343006 0.012769113760441542 17
1763433346038 0.013963157776743174 18
1763433349072 0.011679301504045725 19
1763433352395 0.0075572580099105835 20
1763433355653 0.007627165410667658 21
1763433358838 0.009081018157303333 22
1763433361871 0.008162034675478935 23
1763433365173 0.007742714835330844 24
1763433289174 0.6885593831539154 0
