1763433289172 0.8363299369812012 0
1763433292592 0.9818753600120544 1
1763433295618 0.980976790189743 2
1763433298797 0.9857125878334045 3
1763433301820 0.9865202903747559 4
1763433304995 0.9887157678604126 5
1763433308287 0.9902354180812836 6
1763433311417 0.9943560063838959 7
1763433314623 0.9937095046043396 8
1763433317631 0.9941637814044952 9
1763433320788 0.9934272468090057 10
1763433324007 0.9880936145782471 11
1763433327186 0.9858757555484772 12
1763433330186 0.9783667325973511 13
1763433333404 0.9488274157047272 14
1763433336416 0.9034122824668884 15
1763433339713 0.8794493079185486 16
1763433343004 0.8466418087482452 17
1763433346036 0.8588703572750092 18
1763433349071 0.820961982011795 19
1763433352393 0.7013165652751923 20
1763433355651 0.6412683129310608 21
1763433358836 0.6880138516426086 22
1763433361869 0.6968399286270142 23
1763433365171 0.6226657032966614 24
1763433289172 0.8363299369812012 0
