1763433289170 0.6851394027471542 0
1763433292591 0.9973943829536438 1
1763433295617 0.9600684344768524 2
1763433298795 0.8068664371967316 3
1763433301818 0.8923629522323608 4
1763433304994 0.8571188151836395 5
1763433308285 0.8512530028820038 6
1763433311414 0.847212940454483 7
1763433314622 0.846153736114502 8
1763433317630 0.8420960605144501 9
1763433320787 0.8415725231170654 10
1763433324005 0.8489866554737091 11
1763433327184 0.862893670797348 12
1763433330184 0.8632221817970276 13
1763433333403 0.8680435717105865 14
1763433336413 0.8733156323432922 15
1763433339711 0.8593177199363708 16
1763433343002 0.8691893517971039 17
1763433346034 0.8648497462272644 18
1763433349069 0.8624406158924103 19
1763433352390 0.8638607263565063 20
1763433355650 0.8758005201816559 21
1763433358834 0.8690521717071533 22
1763433361868 0.8714451491832733 23
1763433365170 0.863977700471878 24
1763433289170 0.6851394027471542 0
