1763433289168 3.449455499649048 0
1763433292589 5.237933397293091 1
1763433295616 4.832612037658691 2
1763433298793 5.020196437835693 3
1763433301817 5.05691123008728 4
1763433304992 5.127027273178101 5
1763433308283 5.405358552932739 6
1763433311413 5.820927143096924 7
1763433314620 5.741936922073364 8
1763433317628 5.822342395782471 9
1763433320785 5.621366024017334 10
1763433324004 5.036465644836426 11
1763433327182 4.819745779037476 12
1763433330183 4.426217794418335 13
1763433333401 3.544335126876831 14
1763433336412 2.8739606142044067 15
1763433339709 2.575743794441223 16
1763433343000 2.3593404293060303 17
1763433346032 2.461441159248352 18
1763433349066 2.2023708820343018 19
1763433352389 1.653718113899231 20
1763433355648 1.4163858890533447 21
1763433358833 1.5816925764083862 22
1763433361865 1.6059318780899048 23
1763433365168 1.3703724145889282 24
1763433289168 3.449455499649048 0
