1762048685140 0.10520202484835818 0
1762048721617 1490.2754031508814 1
1762048758017 0.09471598022007863 2
1762048794596 0.08566223126016186 3
1762048831181 0.07859764472887762 4
1762048867690 0.07230509128978482 5
1762048904476 0.06613026662819409 6
1762048941285 0.06163095111318205 7
1762048977900 0.05930947731202623 8
1762049014452 0.05800170549918647 9
1762049051004 0.057554357323139606 10
1762049087555 0.05716834851475649 11
1762049124051 0.057309108143332 12
1762049160652 0.05768541496160418 13
1762049197343 0.0578671209316119 14
1762049233921 0.05845957695695253 15
1762049270521 0.05842603259407405 16
1762049307021 0.05912817191344955 17
1762049343382 0.059508750674336454 18
1762049380247 0.059923953075345565 19
1762049417519 0.06055463656931621 20
1762049454472 0.06087304574013548 21
1762049491176 0.06127108566190713 22
1762049527941 0.06167934847828558 23
1762049564934 0.06208297401369608 24
1762049601655 0.06230865696141886 25
1762049638439 0.0626124544496156 26
1762049675211 0.06331357989101315 27
1762049711738 0.06325282551521479 28
1762049748401 0.06414373059605444 29
1762049784843 0.06423157313931424 30
1762049821735 0.06443525444827602 31
1762049858537 0.06464795638061441 32
1762049895449 0.06508921878876481 33
1762049932124 0.06551424763180885 34
1762049968717 0.06553294944802789 35
1762050005421 0.06591893316701401 36
1762050042144 0.06629531724112374 37
1762050078593 0.06605771888431125 38
1762050115110 0.0664808652181166 39
1762050151447 0.06658350656495934 40
1762050188171 0.06709034035966246 41
1762050224925 0.06736545487000696 42
1762050261639 0.06748148919736031 43
1762050298327 0.06762560968878262 44
1762050335099 0.067709549736739 45
1762050371773 0.06815541055412387 46
1762050408440 0.06794119041623467 47
1762050445082 0.06841983305556433 48
1762050481682 0.06846928977689078 49
1762050518249 0.06878236840630686 50
1762050555080 0.06865968128969503 51
1762050592026 0.06868853097738221 52
1762050628860 0.06853601374103381 53
1762050665507 0.06826724403126296 54
1762050702264 0.06851106126146063 55
1762050739031 0.06824201767725802 56
1762050775705 0.06828691418780837 57
1762050812395 0.06838365307579009 58
1762050848886 0.06804702112147974 59
1762050885288 0.06811944098765668 60
1762050922028 0.06805256947726507 61
1762050958734 0.06798421353893819 62
1762050995575 0.06785227822207929 63
1762051032262 0.06803051881318868 64
1762051069163 0.06797718922066134 65
1762051106014 0.06804307652668304 66
1762051142612 0.06780378030384102 67
1762051179319 0.06793981969009998 68
1762051216088 0.06784740762655125 69
1762051252753 0.06774893106515226 70
1762051290016 0.06779276477637085 71
1762051327863 0.06788866582304932 72
1762051364652 0.06775023082760086 73
1762051401314 0.0678486655939655 74
1762051438265 0.06725157728276379 75
1762051475001 0.06684402889785576 76
1762051511503 0.06677409402060747 77
1762051548169 0.06653959215479435 78
1762051584735 0.06658314777866155 79
1762051621184 0.06671415531259042 80
1762051658036 0.06657169941453839 81
1762051694721 0.06649753504813312 82
1762051731436 0.0666467151966602 83
1762051768094 0.06659235260712348 84
1762051804678 0.06666197817884015 85
1762051841293 0.06658785525350476 86
1762051877737 0.06639439144799876 87
1762051914320 0.06658100518970395 88
1762051950621 0.06636011168806259 89
1762051987009 0.0663309392021146 90
1762052023838 0.06678766172589654 91
1762052060487 0.06645074668417737 92
1762052097186 0.0663786057741737 93
1762052133951 0.06648846512221022 94
1762052170651 0.06636925580295613 95
1762052207269 0.06630558718577571 96
1762052243809 0.06637476026714838 97
1762052280551 0.06634292137187185 98
1762052317070 0.06637989955883089 99
