1762048685144 1003310.1961045031 0
1762048721621 74508.62429676822 1
1762048758021 0.05311250313373895 2
1762048794606 0.03398583459225406 3
1762048831185 0.03251266631969186 4
1762048867694 0.03469925457456975 5
1762048904480 0.038359533968161906 6
1762048941288 0.03987252470167768 7
1762048977904 0.04035328313262756 8
1762049014456 0.03962922258135488 9
1762049051004 0.03856331073614054 10
1762049087557 0.037102527240681096 11
1762049124055 0.035773890616489806 12
1762049160658 0.03402827943232765 13
1762049197347 0.03243261499212826 14
1762049233937 0.03137661564934293 15
1762049270537 0.029496783265639776 16
1762049307024 0.028457325265009537 17
1762049343386 0.027200937595379313 18
1762049380251 0.025791025379567446 19
1762049417523 0.02499305632621347 20
1762049454476 0.024002562049912454 21
1762049491180 0.023127496344009506 22
1762049527945 0.022101158356646763 23
1762049564938 0.021415837774938128 24
1762049601659 0.020601415553708806 25
1762049638443 0.02004069887918491 26
1762049675215 0.019001124491079702 27
1762049711741 0.018144453440690753 28
1762049748404 0.017831622952737682 29
1762049784847 0.01705307683279348 30
1762049821739 0.01640743992455378 31
1762049858543 0.016005047887217166 32
1762049895452 0.01549285456624835 33
1762049932128 0.014868352781251024 34
1762049968721 0.014409126383422618 35
1762050005425 0.013997397678857824 36
1762050042147 0.01360897388915683 37
1762050078604 0.013149281516918708 38
1762050115114 0.01261227365174761 39
1762050151451 0.012437555660490578 40
1762050188175 0.012101019597132737 41
1762050224929 0.011890388505403386 42
1762050261643 0.011429930142315718 43
1762050298331 0.011118014271918721 44
1762050335103 0.01088738805456613 45
1762050371777 0.010542801466841634 46
1762050408443 0.010057918387666296 47
1762050445082 0.0100275044413005 48
1762050481684 0.009859539578944148 49
1762050518254 0.00973329933490171 50
1762050555083 0.009496857967858893 51
1762050592030 0.009542287655323249 52
1762050628864 0.009460880707615237 53
1762050665511 0.00915856588000673 54
1762050702267 0.00944002401578763 55
1762050739035 0.00930865894990704 56
1762050775709 0.009349342227056376 57
1762050812399 0.009340944102163925 58
1762050848890 0.009172211239652776 59
1762050885292 0.009131281983503372 60
1762050922032 0.00911644603252609 61
1762050958738 0.009173529624839954 62
1762050995580 0.009153982248169639 63
1762051032266 0.009375424891017205 64
1762051069168 0.009160360051597472 65
1762051106019 0.009264862957562126 66
1762051142616 0.009194304271171062 67
1762051179322 0.009144026295984306 68
1762051216093 0.009175135635235579 69
1762051252757 0.009230937782142843 70
1762051290020 0.009197872192707172 71
1762051327866 0.009218086294235778 72
1762051364656 0.009205473970584695 73
1762051401318 0.009053264182692153 74
1762051438269 0.008904463651766413 75
1762051475001 0.008793377308205909 76
1762051511503 0.008918814556023408 77
1762051548186 0.008731501288340734 78
1762051584735 0.00887761716220367 79
1762051621184 0.008956008884696866 80
1762051658036 0.00903142166952061 81
1762051694726 0.008915518557163963 82
1762051731452 0.008966193937285002 83
1762051768097 0.009017348343945818 84
1762051804681 0.00902541542141095 85
1762051841297 0.009039707058588928 86
1762051877737 0.008979798342252886 87
1762051914320 0.008982235043498368 88
1762051950621 0.00899193180706414 89
1762051987009 0.008962649827284671 90
1762052023842 0.009004774525068527 91
1762052060491 0.008992373071412905 92
1762052097186 0.00896702473766582 93
1762052133951 0.00898993134721371 94
1762052170651 0.009001681548342159 95
1762052207269 0.009002984650247417 96
1762052243813 0.008994476321428716 97
1762052280568 0.0089987142655095 98
1762052317073 0.009000226424580001 99
