1762048685146 1.0000000000000002e-06 0
1762048721622 2.9800000000000003e-06 1
1762048758023 4.960000000000001e-06 2
1762048794608 6.940000000000001e-06 3
1762048831187 8.920000000000001e-06 4
1762048867694 1.0900000000000002e-05 5
1762048904482 1.2880000000000004e-05 6
1762048941290 1.4860000000000003e-05 7
1762048977906 1.6840000000000005e-05 8
1762049014457 1.8820000000000006e-05 9
1762049051014 2.0800000000000008e-05 10
1762049087557 2.2780000000000006e-05 11
1762049124056 2.4760000000000007e-05 12
1762049160658 2.6740000000000008e-05 13
1762049197348 2.872000000000001e-05 14
1762049233939 3.0700000000000014e-05 15
1762049270541 3.268000000000001e-05 16
1762049307026 3.466000000000001e-05 17
1762049343388 3.664000000000001e-05 18
1762049380253 3.862000000000001e-05 19
1762049417526 4.060000000000001e-05 20
1762049454478 4.258000000000001e-05 21
1762049491182 4.456000000000001e-05 22
1762049527947 4.6540000000000005e-05 23
1762049564939 4.852e-05 24
1762049601660 5.050000000000001e-05 25
1762049638445 5.248000000000001e-05 26
1762049675217 5.446000000000002e-05 27
1762049711743 5.6440000000000015e-05 28
1762049748406 5.842000000000001e-05 29
1762049784848 6.040000000000001e-05 30
1762049821740 6.238000000000001e-05 31
1762049858543 6.436e-05 32
1762049895454 6.634e-05 33
1762049932129 6.832000000000001e-05 34
1762049968723 7.03e-05 35
1762050005427 7.228e-05 36
1762050042149 7.426000000000001e-05 37
1762050078606 7.624e-05 38
1762050115116 7.822e-05 39
1762050151453 8.020000000000001e-05 40
1762050188177 8.218e-05 41
1762050224930 8.416e-05 42
1762050261645 8.613999999999999e-05 43
1762050298332 8.811999999999998e-05 44
1762050335105 9.009999999999997e-05 45
1762050371778 9.207999999999996e-05 46
1762050408445 9.405999999999995e-05 47
1762050445082 9.603999999999995e-05 48
1762050481684 9.801999999999996e-05 49
1762050518255 9.999999999999996e-05 50
1762050555085 9.999999999999996e-05 51
1762050592032 9.999999999999996e-05 52
1762050628865 9.999999999999996e-05 53
1762050665513 9.999999999999996e-05 54
1762050702269 9.999999999999996e-05 55
1762050739037 9.999999999999996e-05 56
1762050775711 9.999999999999996e-05 57
1762050812399 9.999999999999996e-05 58
1762050848892 9.999999999999996e-05 59
1762050885294 9.999999999999996e-05 60
1762050922034 9.999999999999996e-05 61
1762050958739 9.999999999999996e-05 62
1762050995581 9.999999999999996e-05 63
1762051032267 9.999999999999996e-05 64
1762051069169 9.999999999999996e-05 65
1762051106021 9.999999999999996e-05 66
1762051142618 9.999999999999996e-05 67
1762051179324 9.999999999999996e-05 68
1762051216095 9.999999999999996e-05 69
1762051252759 9.999999999999996e-05 70
1762051290023 9.999999999999996e-05 71
1762051327868 9.999999999999996e-05 72
1762051364658 9.999999999999996e-05 73
1762051401320 9.999999999999996e-05 74
1762051438271 9.999999999999997e-06 75
1762051475001 9.999999999999997e-06 76
1762051511503 9.999999999999997e-06 77
1762051548186 9.999999999999997e-06 78
1762051584735 9.999999999999997e-06 79
1762051621184 9.999999999999997e-06 80
1762051658036 9.999999999999997e-06 81
1762051694726 9.999999999999997e-06 82
1762051731453 9.999999999999997e-06 83
1762051768097 9.999999999999997e-06 84
1762051804683 9.999999999999997e-06 85
1762051841297 9.999999999999997e-06 86
1762051877737 9.999999999999997e-07 87
1762051914320 9.999999999999997e-07 88
1762051950621 9.999999999999997e-07 89
1762051987009 9.999999999999997e-07 90
1762052023843 9.999999999999997e-07 91
1762052060493 9.999999999999997e-07 92
1762052097186 9.999999999999997e-07 93
1762052133958 9.999999999999997e-07 94
1762052170651 9.999999999999998e-08 95
1762052207269 9.999999999999998e-08 96
1762052243815 9.999999999999998e-08 97
1762052280568 9.999999999999998e-08 98
1762052317073 9.999999999999998e-08 99
