1762048685142 0.10520202484835818 0
1762048721619 0.10290830876938133 1
1762048758019 0.09259148005433257 2
1762048794596 0.08362308129717741 3
1762048831183 0.07599663139379698 4
1762048867692 0.06883516585906083 5
1762048904479 0.061527122463102754 6
1762048941287 0.05604879775663151 7
1762048977902 0.05285295214367863 8
1762049014454 0.0508684452041439 9
1762049051004 0.04984169509818784 10
1762049087557 0.04900579257957959 11
1762049124053 0.04872337452993045 12
1762049160656 0.048838062688361765 13
1762049197345 0.04878598866965684 14
1762049233936 0.049046591914373376 15
1762049270537 0.04898706204768431 16
1762049307022 0.04945268127510318 17
1762049343384 0.049716412731480364 18
1762049380249 0.05012336357982452 19
1762049417522 0.0505574138655615 20
1762049454474 0.05079197002902776 21
1762049491178 0.05109498729291945 22
1762049527943 0.05151281543942385 23
1762049564935 0.05180337207014379 24
1762049601657 0.05200794912948957 25
1762049638440 0.052191291561356414 26
1762049675213 0.05305297206406578 27
1762049711740 0.05309193161040841 28
1762049748403 0.05380138964500538 29
1762049784845 0.05399972670201051 30
1762049821737 0.05426264158713065 31
1762049858542 0.05440472576804335 32
1762049895451 0.054863934317894554 33
1762049932126 0.05540376776625151 34
1762049968719 0.05544656127988302 35
1762050005423 0.05584080625214054 36
1762050042146 0.056224676380026775 37
1762050078593 0.05606426501095889 38
1762050115112 0.056643292236070696 39
1762050151449 0.05663346200686357 40
1762050188173 0.057167504500115034 41
1762050224927 0.0573775287333913 42
1762050261640 0.057651749292877426 43
1762050298329 0.05784175711810787 44
1762050335101 0.05791090063230936 45
1762050371775 0.05845603296329017 46
1762050408442 0.05848674720703961 47
1762050445082 0.05879342899073002 48
1762050481684 0.058806940888447616 49
1762050518251 0.05904906916608446 50
1762050555082 0.059162823464783326 51
1762050592029 0.05914624333876708 52
1762050628862 0.059075133027230387 53
1762050665509 0.05910867828863404 54
1762050702266 0.05907103722772725 55
1762050739034 0.058933358740964996 56
1762050775707 0.05893757184379521 57
1762050812397 0.059042709046027986 58
1762050848889 0.05887480997464981 59
1762050885290 0.05898815884047568 60
1762050922031 0.058936123401421646 61
1762050958736 0.05881068375568057 62
1762050995577 0.05869829604940557 63
1762051032264 0.05865509399147921 64
1762051069166 0.05881682931139224 65
1762051106017 0.05877821348434271 66
1762051142614 0.05860947606918027 67
1762051179321 0.058795793356986537 68
1762051216091 0.05867227212931231 69
1762051252755 0.058517993323232646 70
1762051290019 0.05859489248836555 71
1762051327865 0.058670579743543734 72
1762051364655 0.05854475700924563 73
1762051401316 0.05879540138218886 74
1762051438267 0.058347113670601795 75
1762051475001 0.05805065137801376 76
1762051511503 0.057855279466440514 77
1762051548169 0.05780809072164998 78
1762051584735 0.057705530499501084 79
1762051621184 0.05775814644522049 80
1762051658036 0.05754027780504322 81
1762051694724 0.05758201659616838 82
1762051731436 0.05768052125689991 83
1762051768097 0.05757500424337546 84
1762051804680 0.05763656278187254 85
1762051841295 0.057548148251847175 86
1762051877737 0.05741459305500271 87
1762051914320 0.05759877009051187 88
1762051950621 0.05736817976713576 89
1762051987009 0.0573682895109701 90
1762052023840 0.05778288716988706 91
1762052060489 0.05745837368640393 92
1762052097186 0.05741158107982521 93
1762052133951 0.05749853381088802 94
1762052170651 0.057367574223054205 95
1762052207269 0.05730260258596205 96
1762052243811 0.05738028390363997 97
1762052280568 0.057344207048812185 98
1762052317073 0.057379673040190406 99
