1762121297095 0.8062668421735796 0
1762121333673 0.7433742569926569 1
1762121370032 0.7200402730327112 2
1762121406588 0.7066136857203867 3
1762121443214 0.6990773905947358 4
1762121479877 0.6946994627432965 5
1762121516640 0.6844146710297594 6
1762121553408 0.665647025678641 7
1762121590698 0.6526880125666774 8
1762121628046 0.6454255775359778 9
1762121664884 0.6402600670573719 10
1762121701644 0.6373527076949312 11
1762121738189 0.6341568744459818 12
1762121774754 0.6323791123703865 13
1762121811125 0.6319396418194438 14
1762121847874 0.6319871684245493 15
1762121884569 0.6306264910587045 16
1762121921141 0.6298221430113149 17
1762121957945 0.6298051474498356 18
1762121995213 0.6294803493442725 19
1762122032389 0.6293536563648338 20
1762122069563 0.6296540273780442 21
1762122106472 0.6289406717813688 22
1762122143190 0.6291660109231638 23
1762122180016 0.6290523463309405 24
1762122217108 0.6286448715533133 25
1762122254081 0.6279657351614233 26
1762122290780 0.6280621892986108 27
1762122327579 0.6286868996794438 28
1762122364926 0.6278947803269193 29
1762122402497 0.62790373765749 30
1762122439765 0.6283245143304236 31
1762122477182 0.6272992220431863 32
1762122514433 0.627903580824006 33
1762122551688 0.6277422969127414 34
1762122589169 0.6274545849755753 35
1762122626467 0.6277789797497746 36
1762122663442 0.6275728202737447 37
1762122700495 0.627565602012647 38
1762122737365 0.6271421059025483 39
1762122774219 0.627013317572318 40
1762122811570 0.6272037063722199 41
1762122848758 0.6269672820338379 42
1762122885686 0.6273151126810879 43
1762122922922 0.6269413630827717 44
1762122960780 0.6272128948341572 45
1762122998666 0.6272729571079495 46
1762123036150 0.6271654166256471 47
1762123073476 0.6269526497074139 48
1762123110767 0.626850380216326 49
1762123148564 0.6272295382727816 50
