1762121297101 0.05507402145659607 0
1762121333677 0.007171825062254586 1
1762121370035 0.0016182025136469407 2
1762121406592 0.0008015261418449127 3
1762121443218 0.0005155957354993817 4
1762121479882 0.0005704494779527286 5
1762121516644 0.00401875244506149 6
1762121553411 0.009219955432652634 7
1762121590702 0.012693323279758823 8
1762121628049 0.01495074378419358 9
1762121664888 0.017077861448434303 10
1762121701648 0.018287261488825778 11
1762121738195 0.01914257522783802 12
1762121774758 0.019704314785393764 13
1762121811130 0.020477311935684212 14
1762121847878 0.02091833564678696 15
1762121884572 0.021291093513419065 16
1762121921145 0.021410832962522476 17
1762121957950 0.021547848572861714 18
1762121995217 0.021667770239403875 19
1762122032393 0.02190969969545092 20
1762122069566 0.022030546924600568 21
1762122106475 0.022142533626271246 22
1762122143194 0.022103745710612136 23
1762122180020 0.022272904060063173 24
1762122217111 0.022153068191535844 25
1762122254085 0.02218571408060797 26
1762122290784 0.022323683843610692 27
1762122327583 0.022364205875715543 28
1762122364930 0.02239263656849283 29
1762122402500 0.022206340412117317 30
1762122439769 0.02260505585525915 31
1762122477185 0.02227417856603366 32
1762122514437 0.022603085689073384 33
1762122551692 0.02270190715789795 34
1762122589173 0.022424565133734597 35
1762122626471 0.022340626890873197 36
1762122663446 0.022699184203365714 37
1762122700499 0.0227185838691816 38
1762122737370 0.022506683717088843 39
1762122774223 0.022501903222842866 40
1762122811575 0.02224896618496144 41
1762122848762 0.022331404903798403 42
1762122885691 0.022424221026441978 43
1762122922925 0.02243401354729535 44
1762122960784 0.02230186227746184 45
1762122998670 0.02242082990705967 46
1762123036154 0.022275792327137087 47
1762123073480 0.022018942063631013 48
1762123110771 0.022125679750824686 49
1762123148568 0.022613183282736527 50
