1762121297102 1.0000000000000002e-06 0
1762121333679 2.9800000000000003e-06 1
1762121370037 4.960000000000001e-06 2
1762121406594 6.940000000000001e-06 3
1762121443219 8.920000000000001e-06 4
1762121479884 1.0900000000000002e-05 5
1762121516646 1.2880000000000004e-05 6
1762121553414 1.4860000000000003e-05 7
1762121590706 1.6840000000000005e-05 8
1762121628051 1.8820000000000006e-05 9
1762121664890 2.0800000000000008e-05 10
1762121701650 2.2780000000000006e-05 11
1762121738196 2.4760000000000007e-05 12
1762121774761 2.6740000000000008e-05 13
1762121811132 2.872000000000001e-05 14
1762121847880 3.0700000000000014e-05 15
1762121884574 3.268000000000001e-05 16
1762121921147 3.466000000000001e-05 17
1762121957952 3.664000000000001e-05 18
1762121995218 3.862000000000001e-05 19
1762122032394 4.060000000000001e-05 20
1762122069568 4.258000000000001e-05 21
1762122106477 4.456000000000001e-05 22
1762122143196 4.6540000000000005e-05 23
1762122180022 4.852e-05 24
1762122217113 5.050000000000001e-05 25
1762122254087 5.248000000000001e-05 26
1762122290786 5.446000000000002e-05 27
1762122327585 5.6440000000000015e-05 28
1762122364933 5.842000000000001e-05 29
1762122402502 6.040000000000001e-05 30
1762122439770 6.238000000000001e-05 31
1762122477188 6.436e-05 32
1762122514439 6.634e-05 33
1762122551693 6.832000000000001e-05 34
1762122589174 7.03e-05 35
1762122626473 7.228e-05 36
1762122663448 7.426000000000001e-05 37
1762122700501 7.624e-05 38
1762122737372 7.822e-05 39
1762122774225 8.020000000000001e-05 40
1762122811576 8.218e-05 41
1762122848764 8.416e-05 42
1762122885692 8.613999999999999e-05 43
1762122922927 8.811999999999998e-05 44
1762122960786 9.009999999999997e-05 45
1762122998672 9.207999999999996e-05 46
1762123036155 9.405999999999995e-05 47
1762123073482 9.603999999999995e-05 48
1762123110774 9.801999999999996e-05 49
1762123148569 9.999999999999996e-05 50
