1762121297099 0.7511928198345476 0
1762121333675 0.7362024313191639 1
1762121370034 0.7184220696604529 2
1762121406590 0.7058121593687622 3
1762121443215 0.6985617942588274 4
1762121479880 0.6941290123518123 5
1762121516642 0.6803959186687026 6
1762121553410 0.6564270690430042 7
1762121590701 0.6399946893964495 8
1762121628048 0.6304748343074836 9
1762121664886 0.6231822052667307 10
1762121701646 0.6190654448496543 11
1762121738191 0.61501429869091 12
1762121774756 0.6126747963040374 13
1762121811128 0.6114623293132085 14
1762121847876 0.611068832201023 15
1762121884571 0.6093353965353728 16
1762121921143 0.6084113099646331 17
1762121957949 0.6082572998794606 18
1762121995215 0.6078125785355553 19
1762122032391 0.6074439558079868 20
1762122069565 0.6076234806415647 21
1762122106474 0.6067981392046146 22
1762122143192 0.6070622663165248 23
1762122180018 0.6067794422770656 24
1762122217110 0.6064918023407261 25
1762122254083 0.6057800212175743 26
1762122290782 0.6057385055329713 27
1762122327582 0.6063226948148784 28
1762122364928 0.605502142026971 29
1762122402499 0.6056973982887015 30
1762122439767 0.6057194582647659 31
1762122477184 0.6050250445489471 32
1762122514435 0.6053004955532543 33
1762122551690 0.6050403908637672 34
1762122589171 0.605030019259532 35
1762122626469 0.6054383533737588 36
1762122663444 0.6048736367510799 37
1762122700497 0.604847017673163 38
1762122737368 0.6046354233624531 39
1762122774222 0.6045114121959851 40
1762122811573 0.6049547399793352 41
1762122848760 0.6046358762389402 42
1762122885689 0.6048908921175224 43
1762122922923 0.6045073490998277 44
1762122960782 0.6049110338933444 45
1762122998668 0.6048521277120343 46
1762123036152 0.6048896231524572 47
1762123073478 0.6049337078962611 48
1762123110769 0.6047247012984317 49
1762123148566 0.6046163547474681 50
