1764448362803 0.7306855320930481 0
1764448366132 0.9984251856803894 1
1764448369137 0.993524968624115 2
1764448372047 0.9839116930961609 3
1764448375166 0.9802922010421753 4
1764448378110 0.9813072979450226 5
1764448381391 0.9911442399024963 6
1764448384477 0.9760142266750336 7
1764448387346 0.9641289114952087 8
1764448390369 0.9904419779777527 9
1764448393270 0.975592166185379 10
1764448396555 0.9897721111774445 11
1764448399461 0.8095981478691101 12
1764448402556 0.9999138116836548 13
1764448405432 0.9984825849533081 14
1764448408536 0.9952436089515686 15
1764448411674 0.9780708253383636 16
1764448414742 0.9759235084056854 17
1764448417601 0.9876819252967834 18
1764448420588 0.9891030490398407 19
1764448423447 0.9803579151630402 20
1764448426745 0.9928082227706909 21
1764448429628 0.9825395941734314 22
1764448432760 0.9930402040481567 23
1764448435622 0.9225717782974243 24
1764448362803 0.7306855320930481 0
