1764448362803 0.02878602407872677 0
1764448366136 0.002819333109073341 1
1764448369153 0.0024323686375282705 2
1764448372050 0.0013655435177497566 3
1764448375182 0.0011710888938978314 4
1764448378110 0.0004651896597351879 5
1764448381391 0.0005143987509654835 6
1764448384480 0.000615683886280749 7
1764448387346 2.102228472722345e-05 8
1764448390371 0.00037931150893655285 9
1764448393272 3.62840552270427e-06 10
1764448396557 0.0009462912433444853 11
1764448399461 2.8508316506081766e-09 12
1764448402559 1.7748498336800367e-05 13
1764448405432 2.5865430870908312e-05 14
1764448408536 2.8990412829443812e-05 15
1764448411690 8.175839525392803e-05 16
1764448414742 8.194501037905866e-05 17
1764448417605 7.394312149244797e-07 18
1764448420592 0.00019389643421163782 19
1764448423450 7.864807002988528e-06 20
1764448426749 0.00018544895795002958 21
1764448429644 1.152271806859062e-05 22
1764448432760 0.0006492076051458906 23
1764448435622 5.114162565655889e-10 24
1764448362803 0.02878602407872677 0
