1764448362803 4.3872151374816895 0
1764448366128 6.350368976593018 1
1764448369137 6.459878206253052 2
1764448372042 7.064847230911255 3
1764448375166 7.320593357086182 4
1764448378110 8.303407192230225 5
1764448381391 8.744927406311035 6
1764448384472 8.322169303894043 7
1764448387343 11.609191417694092 8
1764448390364 11.77096939086914 9
1764448393253 14.466937065124512 10
1764448396550 15.367777585983276 11
1764448399461 22.099488258361816 12
1764448402540 13.241163730621338 13
1764448405429 12.774139404296875 14
1764448408532 11.004950523376465 15
1764448411674 11.980535984039307 16
1764448414742 11.44234848022461 17
1764448417598 14.585680961608887 18
1764448420583 9.412328243255615 19
1764448423441 12.57161808013916 20
1764448426742 11.51167106628418 21
1764448429628 13.051269054412842 22
1764448432754 14.89092493057251 23
1764448435618 23.31477642059326 24
1764448362803 4.3872151374816895 0
