1764448362803 1.8493309617042542 0
1764448366130 0.3116234168410301 1
1764448369137 0.1722683385014534 2
1764448372046 0.12342771887779236 3
1764448375166 0.10102561861276627 4
1764448378110 0.10377099737524986 5
1764448381391 0.1019053291529417 6
1764448384475 0.045720821246504784 7
1764448387344 0.1291649229824543 8
1764448390367 0.14297596458345652 9
1764448393253 0.026152098551392555 10
1764448396553 0.4629912041127682 11
1764448399461 0.2912688569049351 12
1764448402540 0.15101107733062236 13
1764448405431 0.002374165749642998 14
1764448408536 0.074441097676754 15
1764448411674 0.10826331749558449 16
1764448414742 0.03810681123286486 17
1764448417600 0.08772143628448248 18
1764448420586 0.039837755262851715 19
1764448423445 0.06751354411244392 20
1764448426745 0.0761103993281722 21
1764448429628 0.02220327779650688 22
1764448432760 0.17540567833930254 23
1764448435620 0.10233319737017155 24
1764448362803 1.8493309617042542 0
