1764448362803 0.6819817423820496 0
1764448366134 0.23451785743236542 1
1764448369137 0.14249452948570251 2
1764448372050 0.09321398660540581 3
1764448375182 0.07283392176032066 4
1764448378110 0.0733539592474699 5
1764448381391 0.0834726132452488 6
1764448384479 0.019548391923308372 7
1764448387346 0.07450385682750493 8
1764448390369 0.10932565340772271 9
1764448393270 7.589063898194581e-05 10
1764448396555 0.2709664865396917 11
1764448399461 2.0508508224992283e-08 12
1764448402556 0.11652699350815965 13
1764448405432 0.0007760769221931696 14
1764448408536 0.06343144178390503 15
1764448411690 0.07093057874590158 16
1764448414742 0.0008949564071372151 17
1764448417603 0.06377745302597759 18
1764448420590 0.020716633676784113 19
1764448423447 0.041273250128142536 20
1764448426747 0.060026893159374595 21
1764448429644 0.0001771610914147459 22
1764448432760 0.1212564343586564 23
1764448435622 1.51309249574183e-08 24
1764448362803 0.6819817423820496 0
