1764461183055 0.0004777673256259139 0
1764461184460 0.0026973357949106264 1
1764461185630 0.0019622674374034045 2
1764461186805 0.0012424401917139765 3
1764461187962 0.02164182094809216 4
1764461189140 0.001653131161935178 5
1764461190621 0.0018465814411365855 6
1764461191773 0.0027329518259368623 7
1764461192938 0.0035223744856582176 8
1764461194089 0.001237212338893063 9
1764461195243 0.0014606787948014612 10
1764461196740 0.002059330720660685 11
1764461197890 0.0019933867342989877 12
1764461199039 0.0009343927729571987 13
1764461200207 0.0019248479206303015 14
1764461201360 0.0024980791215337096 15
1764461202820 0.002177976840857256 16
1764461203987 0.002810131235191394 17
1764461205141 0.001980914160237892 18
1764461206295 0.0022364417846592213 19
1764461207451 0.002054095195210091 20
1764461208949 0.0020213278869505302 21
1764461210108 0.002055559221704383 22
1764461211256 0.0017519251056140861 23
1764461212431 0.001760814146302017 24
1764461213589 0.0021269578236779827 25
1764461215073 0.0018463400998510993 26
1764461216240 0.0017043779894440657 27
1764461217392 0.0020996758374587023 28
1764461218550 0.0019375580416705746 29
1764461219706 0.0020471158764289264 30
1764461221223 0.0274241105593108 31
1764461222386 0.00039027500560035225 32
1764461223554 0.00021666849726939983 33
1764461224714 0.00019498710360359628 34
1764461225881 0.0007838148851261041 35
1764461227350 0.0014523179406733383 36
1764461228516 0.0032602465586163676 37
1764461229664 0.0024845291599586536 38
1764461230814 0.0035447822659849548 39
1764461231950 0.0041049291433479925 40
1764461233415 0.003682038822891907 41
1764461234592 0.004203821796601495 42
1764461235761 0.004489253498972035 43
1764461236932 0.003623400152159425 44
1764461238090 0.0034284656576346606 45
1764461239580 0.0028971992656946755 46
1764461240747 0.002970319545756166 47
1764461241896 0.0029367463699040506 48
1764461243068 0.003229756020188618 49
1764461183055 0.0004777673256259139 0
