1764461183049 0.982308090879367 0
1764461184448 0.8000505398958921 1
1764461185626 0.9074144340478457 2
1764461186803 0.9570498053844159 3
1764461187960 0.8891588117246731 4
1764461189124 0.9363084441194167 5
1764461190619 0.9338263840629504 6
1764461191773 0.960329960171993 7
1764461192923 0.9468768021235099 8
1764461194073 0.9205118073866918 9
1764461195243 0.9511147313393079 10
1764461196740 0.955967318553191 11
1764461197890 0.9489675645644848 12
1764461199039 0.9491063602841817 13
1764461200207 0.9660010177355546 14
1764461201344 0.9778691954337634 15
1764461202820 0.9656948699400976 16
1764461203987 0.9767686988298709 17
1764461205141 0.9777851482996573 18
1764461206295 0.9805191239485374 19
1764461207451 0.9824111599188584 20
1764461208949 0.9836535740357178 21
1764461210104 0.9870537737241158 22
1764461211256 0.9886463972238394 23
1764461212420 0.9883694935303468 24
1764461213589 0.9844115135761408 25
1764461215073 0.9900598640625293 26
1764461216240 0.9884072507803257 27
1764461217387 0.9912592952068036 28
1764461218548 0.9892748869382418 29
1764461219704 0.991627764243346 30
1764461221223 0.9403498058672994 31
1764461222376 0.8885166902954762 32
1764461223548 0.934849643936524 33
1764461224714 0.9735474506249795 34
1764461225864 0.9686824667912263 35
1764461227350 0.9491938535983746 36
1764461228516 0.9685539522996316 37
1764461229649 0.9748538021857922 38
1764461230810 0.9783824361287631 39
1764461231950 0.9820333214906546 40
1764461233415 0.9866640877265197 41
1764461234590 0.9824885107003726 42
1764461235761 0.9896859515171784 43
1764461236930 0.9929642585607675 44
1764461238088 0.9905261259812576 45
1764461239580 0.9907336854017698 46
1764461240747 0.9890913229722244 47
1764461241896 0.9921981749626306 48
1764461243068 0.9944572379955878 49
1764461183049 0.982308090879367 0
