1764461183049 0.13267399592642995 0
1764461184448 1.7746714386157691 1
1764461185626 0.3533966336399317 2
1764461186801 0.12566160822573763 3
1764461187958 0.5933057840347129 4
1764461189124 0.2548779085224781 5
1764461190617 0.215827787706915 6
1764461191773 0.09219983506661195 7
1764461192923 0.1333719787026684 8
1764461194073 0.3492825323247906 9
1764461195243 0.15026071692745274 10
1764461196740 0.118683290703652 11
1764461197890 0.19166340567887977 12
1764461199039 0.21871885946785158 13
1764461200207 0.08381726959935175 14
1764461201344 0.05087431502313568 15
1764461202820 0.09879492326245572 16
1764461203973 0.05552489114387964 17
1764461205141 0.050682981086608306 18
1764461206295 0.04319905332074715 19
1764461207435 0.039266575629321426 20
1764461208934 0.037190503566167675 21
1764461210102 0.027963618201633487 22
1764461211256 0.02369605773128569 23
1764461212420 0.025307825023236755 24
1764461213589 0.0347931558230462 25
1764461215073 0.02206349040632351 26
1764461216238 0.027786593561848767 27
1764461217387 0.017850490582462113 28
1764461218546 0.021768671138068803 29
1764461219702 0.01666437821964232 30
1764461221223 0.863733195950492 31
1764461222376 1.0677544293240446 32
1764461223548 0.2663475586860631 33
1764461224698 0.12203967769136607 34
1764461225864 0.15789886561637664 35
1764461227350 0.1885073088806866 36
1764461228501 0.07188976355470143 37
1764461229649 0.05638061617859281 38
1764461230810 0.04440673458604859 39
1764461231950 0.03812264339425243 40
1764461233415 0.028486992626522597 41
1764461234588 0.03502766320553537 42
1764461235761 0.020779331196815923 43
1764461236928 0.014458191930316389 44
1764461238086 0.02036409443602539 45
1764461239565 0.01757669669146148 46
1764461240747 0.020381168498156164 47
1764461241896 0.014467745320871472 48
1764461243068 0.011836280992541175 49
1764461183049 0.13267399592642995 0
