1764461183049 11.924195298781761 0
1764461184448 13.666254722155058 1
1764461185624 12.572164682241587 2
1764461186798 9.553152066010695 3
1764461187956 10.167550298134582 4
1764461189124 13.878506211134104 5
1764461190614 9.919795183035044 6
1764461191757 6.452889323234558 7
1764461192923 7.284987568855286 8
1764461194073 13.078890479527987 9
1764461195243 10.871288831417377 10
1764461196740 7.658476288502033 11
1764461197890 8.936662490551289 12
1764461199039 10.78134379020104 13
1764461200207 7.896025996941787 14
1764461201344 6.250844093469473 15
1764461202820 8.14087097461407 16
1764461203973 6.82009324660668 17
1764461205141 6.853220811256995 18
1764461206295 6.418912997612586 19
1764461207435 6.672077463223384 20
1764461208934 6.8155607260190525 21
1764461210100 6.39107713332543 22
1764461211253 6.702182017839872 23
1764461212420 6.705120902795058 24
1764461213589 7.011940827736487 25
1764461215073 6.499211448889512 26
1764461216235 6.889030933380127 27
1764461217384 6.449228882789612 28
1764461218542 6.425973369525029 29
1764461219699 6.253551969161401 30
1764461221223 8.765363415962874 31
1764461222376 24.85834960754101 32
1764461223533 18.16092927639301 33
1764461224698 30.246874185708855 34
1764461225864 24.00544368303739 35
1764461227350 14.855585795182447 36
1764461228501 6.090308005993183 37
1764461229649 6.33944819523738 38
1764461230807 5.7803437526409445 39
1764461231934 5.597180577424856 40
1764461233415 5.712077672664936 41
1764461234584 5.608772222812359 42
1764461235761 5.453550164516155 43
1764461236912 5.659642247053293 44
1764461238084 5.718502906652597 45
1764461239565 5.870853488261883 46
1764461240747 5.853084289110624 47
1764461241896 5.867608858988835 48
1764461243068 5.775816633151128 49
1764461183049 11.924195298781761 0
