1764461183055 0.06601193652179865 0
1764461184460 0.1969246590493323 1
1764461185630 0.11638839651912747 2
1764461186803 0.05731542331427984 3
1764461187962 0.08616023812426728 4
1764461189124 0.08274113227178961 5
1764461190619 0.07386606386091571 6
1764461191773 0.03967127924820838 7
1764461192923 0.04583883230011228 8
1764461194073 0.07702710921942482 9
1764461195243 0.05353796374158566 10
1764461196740 0.04300986219831224 11
1764461197890 0.04482931765998985 12
1764461199039 0.053891032034721946 13
1764461200207 0.03215425132728237 14
1764461201360 0.0231571440728238 15
1764461202820 0.03265979345766768 16
1764461203987 0.022948844150977702 17
1764461205141 0.020976898894752176 18
1764461206295 0.018623717119156096 19
1764461207451 0.017165572384748466 20
1764461208949 0.016431634093141138 21
1764461210106 0.012735767021345405 22
1764461211256 0.010559418390934857 23
1764461212431 0.011394462265973114 24
1764461213589 0.014429281577891882 25
1764461215073 0.010164298430586664 26
1764461216240 0.011797494161905538 27
1764461217387 0.007649261418219584 28
1764461218548 0.009912469289981974 29
1764461219704 0.00766815548726859 30
1764461221223 0.05216267589118226 31
1764461222386 0.1013835310552777 32
1764461223548 0.06295680619533342 33
1764461224714 0.0239190606015401 34
1764461225881 0.04430186128648462 35
1764461227350 0.04718758791691028 36
1764461228516 0.03215329728734035 37
1764461229649 0.025594260693581488 38
1764461230812 0.019146878451395493 39
1764461231950 0.0172672780105271 40
1764461233415 0.013673301472758444 41
1764461234590 0.015377606659267958 42
1764461235761 0.00984307889862416 43
1764461236932 0.007090173276642768 44
1764461238088 0.010442008841961909 45
1764461239580 0.007860934254355155 46
1764461240747 0.00881559419660614 47
1764461241896 0.0063282164583842344 48
1764461243068 0.0060081948669484025 49
1764461183055 0.06601193652179865 0
