1762041988168 0.10752999439984065 0
1762042024768 0.09769347975420398 1
1762042061362 0.08628633251023847 2
1762042097982 0.07381331921118835 3
1762042134574 0.061677671795667605 4
1762042171214 0.05221609441544923 5
1762042208068 0.04570820519694458 6
1762042244550 0.040539440537409925 7
1762042281038 0.03691825686994185 8
1762042317614 0.034302870018339635 9
1762042354291 0.03233492184814028 10
1762042391064 0.03061268210807116 11
1762042427685 0.029381739157576893 12
1762042464335 0.028115505918216863 13
1762042500986 0.027326914757193125 14
1762042537562 0.026069794008601148 15
1762042573929 0.025056775015750994 16
1762042610181 0.024159922445830317 17
1762042646734 0.023567168820537998 18
1762042683447 0.0230083541814671 19
1762042720214 0.022601761921398664 20
1762042757016 0.022230537005536184 21
1762042793685 0.021929342299699783 22
1762042830395 0.02191703644058237 23
1762042866960 0.021675715219241835 24
1762042903491 0.021502867316288806 25
1762042939825 0.021370558604053486 26
1762042976201 0.021199717637510395 27
1762043012815 0.02122609011358597 28
1762043049341 0.02102308336682494 29
1762043085916 0.020937683772407102 30
1762043122662 0.020918414098182785 31
1762043159276 0.020872294046356037 32
1762043195820 0.020975336912660503 33
1762043232198 0.02066046449779672 34
1762043268705 0.020604139128297668 35
1762043305030 0.02111855578481953 36
1762043341586 0.0208150760428454 37
1762043378420 0.020728235610101706 38
1762043415226 0.02054329454106746 39
1762043451947 0.020572031801721187 40
1762043488791 0.020773098590564094 41
1762043525503 0.020767350701547144 42
1762043562587 0.020758710054068073 43
1762043599274 0.020696603360762234 44
1762043635771 0.020823636194350712 45
1762043672178 0.020736254028901707 46
1762043708617 0.020613645680521018 47
1762043745416 0.020708915467476132 48
1762043782106 0.02079380315997672 49
1762043818712 0.020772021135123466 50
1762043855643 0.020646074825149043 51
1762043892428 0.02046620849260064 52
1762043929025 0.020769378560227016 53
1762043965528 0.020360661025756222 54
1762044001964 0.02041428943730866 55
1762044038967 0.020174859142382675 56
1762044075496 0.02008126488704222 57
1762044112297 0.020029716010505575 58
1762044149077 0.019921661465369982 59
1762044185783 0.0200250973485633 60
1762044222994 0.019799877418533115 61
1762044259793 0.019678796501056698 62
1762044296420 0.019542890811877392 63
1762044333077 0.01939029379614762 64
1762044369638 0.01948605115677035 65
1762044406074 0.019486546862957088 66
1762044442693 0.019397701407191763 67
1762044479288 0.01928879996866879 68
1762044515990 0.019213283381291798 69
1762044552548 0.019083615033531506 70
1762044589403 0.0189775797789081 71
1762044626024 0.019155493938051583 72
1762044662426 0.018715567458606638 73
1762044698840 0.01880796949481251 74
1762044735203 0.01875837102928431 75
1762044771519 0.01858684027016757 76
1762044808127 0.018745194795074256 77
1762044844885 0.018613000726482004 78
1762044881624 0.01828030309704847 79
1762044918255 0.018422968341563626 80
1762044955190 0.018415684869321082 81
1762044991891 0.01828344354523575 82
1762045028370 0.01816214558195038 83
1762045064999 0.01811623062653795 84
1762045101510 0.017985815512777562 85
1762045138043 0.018013924729091385 86
1762045174726 0.018062741694309783 87
1762045211373 0.018037603255918255 88
1762045248108 0.018074092069684074 89
1762045284811 0.016054536318066113 90
1762045321747 0.015262793843631332 91
1762045358532 0.01474248315037485 92
1762045395136 0.014455795321502162 93
1762045431706 0.014150713514103446 94
1762045468152 0.013924599926535077 95
1762045504611 0.013622160396999695 96
1762045541440 0.013491108805634255 97
1762045578343 0.013366758568441352 98
1762045615046 0.01310082490361014 99
