1762041988174 0.30680363544594014 0
1762042024771 0.557941954872537 1
1762042061365 0.6201032930830388 2
1762042097982 0.6744046782338342 3
1762042134578 0.6854237919233962 4
1762042171218 0.6839683948561203 5
1762042208072 0.6813497554028153 6
1762042244554 0.7188738639172525 7
1762042281042 0.7057262550556779 8
1762042317619 0.7148709320150737 9
1762042354295 0.7129541262439715 10
1762042391068 0.7250923944866142 11
1762042427691 0.7347744021304818 12
1762042464339 0.711706430967464 13
1762042500992 0.7150000489035319 14
1762042537567 0.725134026727011 15
1762042573933 0.7103207091952479 16
1762042610185 0.7139329951862956 17
1762042646738 0.7103935439721294 18
1762042683451 0.71224960045165 19
1762042720214 0.7067409653204224 20
1762042757020 0.7087768410527429 21
1762042793696 0.7069418401417146 22
1762042830398 0.7019988232276765 23
1762042866964 0.6967854119614509 24
1762042903491 0.7108034028167345 25
1762042939825 0.6846455233041631 26
1762042976204 0.7020846610845521 27
1762043012819 0.6911759397120175 28
1762043049344 0.7097459946755951 29
1762043085920 0.663772466570832 30
1762043122666 0.6938296615087313 31
1762043159280 0.69216821740236 32
1762043195823 0.6650193296397643 33
1762043232202 0.682144777758969 34
1762043268710 0.692772846206082 35
1762043305034 0.6495772683343222 36
1762043341590 0.6527995557087997 37
1762043378424 0.6660577844147666 38
1762043415230 0.6735454153776961 39
1762043451950 0.6754678447381206 40
1762043488795 0.66337518157357 41
1762043525507 0.6502053604173502 42
1762043562591 0.6365121401029568 43
1762043599278 0.6470798387875984 44
1762043635773 0.6564910734214656 45
1762043672182 0.6453953843972215 46
1762043708622 0.6467226259732167 47
1762043745422 0.6406893607785932 48
1762043782109 0.6395722718729925 49
1762043818716 0.6348076693639406 50
1762043855647 0.6297374582765902 51
1762043892432 0.6434315945222925 52
1762043929030 0.6400001616176972 53
1762043965533 0.6496164597150099 54
1762044001968 0.646027710548667 55
1762044038967 0.648662863379697 56
1762044075500 0.654773816713859 57
1762044112305 0.6500882988356277 58
1762044149081 0.6379270177346923 59
1762044185788 0.6341936535217437 60
1762044222997 0.6373544998739249 61
1762044259796 0.6327557916261033 62
1762044296425 0.6424731420124092 63
1762044333081 0.6318559277493296 64
1762044369641 0.645918447630746 65
1762044406078 0.6531714596225574 66
1762044442697 0.6513131748402238 67
1762044479292 0.6498356410435268 68
1762044515994 0.6506624282792557 69
1762044552552 0.6499857719158414 70
1762044589407 0.6609325919832502 71
1762044626027 0.6471910944016669 72
1762044662430 0.6779819655656022 73
1762044698843 0.6461186940091789 74
1762044735207 0.6475011682985629 75
1762044771519 0.6481906702748169 76
1762044808131 0.638519981057937 77
1762044844889 0.6436137438612523 78
1762044881628 0.6547157987803716 79
1762044918260 0.648982831093164 80
1762044955193 0.6596400217360436 81
1762044991895 0.6555790769697424 82
1762045028374 0.6490495926517981 83
1762045065003 0.6666416955548663 84
1762045101514 0.6636511006624596 85
1762045138047 0.6770615643045039 86
1762045174730 0.6522995421260694 87
1762045211377 0.6491856217780383 88
1762045248112 0.6539183607133124 89
1762045284815 0.7381709094459432 90
1762045321750 0.7619163907643568 91
1762045358532 0.7539950910992796 92
1762045395140 0.7300595639551993 93
1762045431710 0.7403910183035258 94
1762045468155 0.7559961002134405 95
1762045504621 0.7550692642249934 96
1762045541444 0.747970780106478 97
1762045578347 0.7582981251402947 98
1762045615049 0.7578667019688806 99
