1762041988175 1.0000000000000002e-06 0
1762042024774 2.9800000000000003e-06 1
1762042061367 4.960000000000001e-06 2
1762042097982 6.940000000000001e-06 3
1762042134580 8.920000000000001e-06 4
1762042171219 1.0900000000000002e-05 5
1762042208073 1.2880000000000004e-05 6
1762042244555 1.4860000000000003e-05 7
1762042281044 1.6840000000000005e-05 8
1762042317621 1.8820000000000006e-05 9
1762042354297 2.0800000000000008e-05 10
1762042391070 2.2780000000000006e-05 11
1762042427693 2.4760000000000007e-05 12
1762042464341 2.6740000000000008e-05 13
1762042500993 2.872000000000001e-05 14
1762042537569 3.0700000000000014e-05 15
1762042573934 3.268000000000001e-05 16
1762042610185 3.466000000000001e-05 17
1762042646740 3.664000000000001e-05 18
1762042683453 3.862000000000001e-05 19
1762042720223 4.060000000000001e-05 20
1762042757022 4.258000000000001e-05 21
1762042793698 4.456000000000001e-05 22
1762042830400 4.6540000000000005e-05 23
1762042866966 4.852e-05 24
1762042903508 5.050000000000001e-05 25
1762042939825 5.248000000000001e-05 26
1762042976205 5.446000000000002e-05 27
1762043012821 5.6440000000000015e-05 28
1762043049346 5.842000000000001e-05 29
1762043085922 6.040000000000001e-05 30
1762043122668 6.238000000000001e-05 31
1762043159282 6.436e-05 32
1762043195825 6.634e-05 33
1762043232204 6.832000000000001e-05 34
1762043268712 7.03e-05 35
1762043305036 7.228e-05 36
1762043341590 7.426000000000001e-05 37
1762043378424 7.624e-05 38
1762043415232 7.822e-05 39
1762043451952 8.020000000000001e-05 40
1762043488797 8.218e-05 41
1762043525509 8.416e-05 42
1762043562592 8.613999999999999e-05 43
1762043599279 8.811999999999998e-05 44
1762043635773 9.009999999999997e-05 45
1762043672184 9.207999999999996e-05 46
1762043708624 9.405999999999995e-05 47
1762043745422 9.603999999999995e-05 48
1762043782112 9.801999999999996e-05 49
1762043818718 9.999999999999996e-05 50
1762043855649 9.999999999999996e-05 51
1762043892434 9.999999999999996e-05 52
1762043929032 9.999999999999996e-05 53
1762043965535 9.999999999999996e-05 54
1762044001970 9.999999999999996e-05 55
1762044038974 9.999999999999996e-05 56
1762044075501 9.999999999999996e-05 57
1762044112307 9.999999999999996e-05 58
1762044149082 9.999999999999996e-05 59
1762044185789 9.999999999999996e-05 60
1762044222999 9.999999999999996e-05 61
1762044259798 9.999999999999996e-05 62
1762044296427 9.999999999999996e-05 63
1762044333083 9.999999999999996e-05 64
1762044369641 9.999999999999996e-05 65
1762044406080 9.999999999999996e-05 66
1762044442699 9.999999999999996e-05 67
1762044479294 9.999999999999996e-05 68
1762044515996 9.999999999999996e-05 69
1762044552553 9.999999999999996e-05 70
1762044589408 9.999999999999996e-05 71
1762044626029 9.999999999999996e-05 72
1762044662432 9.999999999999996e-05 73
1762044698845 9.999999999999996e-05 74
1762044735209 9.999999999999996e-05 75
1762044771525 9.999999999999996e-05 76
1762044808133 9.999999999999996e-05 77
1762044844891 9.999999999999996e-05 78
1762044881629 9.999999999999996e-05 79
1762044918261 9.999999999999996e-05 80
1762044955196 9.999999999999996e-05 81
1762044991897 9.999999999999996e-05 82
1762045028376 9.999999999999996e-05 83
1762045065005 9.999999999999996e-05 84
1762045101516 9.999999999999996e-05 85
1762045138049 9.999999999999996e-05 86
1762045174731 9.999999999999996e-05 87
1762045211379 9.999999999999996e-05 88
1762045248114 9.999999999999996e-05 89
1762045284817 9.999999999999997e-06 90
1762045321752 9.999999999999997e-06 91
1762045358532 9.999999999999997e-06 92
1762045395140 9.999999999999997e-06 93
1762045431712 9.999999999999997e-06 94
1762045468157 9.999999999999997e-06 95
1762045504623 9.999999999999997e-06 96
1762045541446 9.999999999999997e-06 97
1762045578349 9.999999999999997e-06 98
1762045615052 9.999999999999997e-06 99
