1762041988172 0.10752999439984065 0
1762042024770 0.09767626860609087 1
1762042061363 0.0862840057508494 2
1762042097982 0.07381331921118835 3
1762042134576 0.0616709440946579 4
1762042171216 0.05221400274786838 5
1762042208070 0.04570434730116315 6
1762042244552 0.040535399956362586 7
1762042281040 0.036915620186202154 8
1762042317617 0.034298583899819574 9
1762042354294 0.032330443603651865 10
1762042391066 0.030604517880666295 11
1762042427689 0.029373843799595817 12
1762042464338 0.028096985680815388 13
1762042500991 0.02731736146928464 14
1762042537565 0.026044337000957755 15
1762042573931 0.02505628181701879 16
1762042610184 0.02415154879027823 17
1762042646736 0.023557857931452337 18
1762042683449 0.02300071683139896 19
1762042720214 0.022584694636323524 20
1762042757018 0.022220107049145968 21
1762042793695 0.021919557004176898 22
1762042830397 0.021907078464858953 23
1762042866962 0.021649955898721353 24
1762042903491 0.021492439315366586 25
1762042939825 0.021360472092200752 26
1762042976203 0.02117778495993725 27
1762043012817 0.02122215857834515 28
1762043049343 0.02099431357114418 29
1762043085918 0.020923142362868668 30
1762043122665 0.020860314346924178 31
1762043159278 0.02086297898395513 32
1762043195822 0.020966949875766652 33
1762043232200 0.02064293995499611 34
1762043268708 0.020594534156627434 35
1762043305032 0.021118466704588792 36
1762043341588 0.020785396573353446 37
1762043378422 0.020705281237629165 38
1762043415228 0.020541715493233893 39
1762043451949 0.020570738227462453 40
1762043488793 0.020756883899436838 41
1762043525505 0.020758811544094768 42
1762043562589 0.020756887038086737 43
1762043599276 0.02066868713923863 44
1762043635773 0.02078090948594171 45
1762043672181 0.020712391908382657 46
1762043708619 0.020601488605290156 47
1762043745421 0.020703965687870585 48
1762043782108 0.020791928212706038 49
1762043818714 0.02076697220586463 50
1762043855645 0.020617319326662147 51
1762043892430 0.020428525203486217 52
1762043929028 0.02075656605667846 53
1762043965530 0.02035292058044494 54
1762044001967 0.020398431987907008 55
1762044038967 0.02015345929270963 56
1762044075498 0.020063812488634324 57
1762044112297 0.020018971807932932 58
1762044149079 0.019921661465369982 59
1762044185785 0.020011635649441882 60
1762044222996 0.019793625465560197 61
1762044259795 0.01967602878610953 62
1762044296423 0.01954171836277179 63
1762044333079 0.019380435306715016 64
1762044369640 0.019472125452321232 65
1762044406075 0.01945939296701818 66
1762044442695 0.01938761764784588 67
1762044479290 0.019273754568195026 68
1762044515992 0.019192985801700736 69
1762044552550 0.01908058624627978 70
1762044589405 0.018972143993722244 71
1762044626026 0.019148449263105362 72
1762044662428 0.018705535343418088 73
1762044698841 0.01880268056279797 74
1762044735205 0.01875837102928431 75
1762044771519 0.018578950912255386 76
1762044808127 0.018736676202214437 77
1762044844887 0.01860432799323849 78
1762044881626 0.01827281041695826 79
1762044918257 0.01841993527703507 80
1762044955192 0.01837880444586079 81
1762044991893 0.01827799445296641 82
1762045028373 0.018148106450456322 83
1762045065001 0.018088991660315332 84
1762045101512 0.017979504945270248 85
1762045138045 0.018004204855111745 86
1762045174728 0.018062741694309783 87
1762045211376 0.01799874324537195 88
1762045248110 0.01802784742484259 89
1762045284813 0.016054536318066113 90
1762045321748 0.015253192938839479 91
1762045358532 0.01474248315037485 92
1762045395138 0.014433799663007854 93
1762045431709 0.014150713514103446 94
1762045468153 0.013922585012310763 95
1762045504611 0.013622160396999695 96
1762045541443 0.013475357493589883 97
1762045578345 0.013361170702301386 98
1762045615048 0.01310082490361014 99
