1763443357881 1.4993317127227783 0
1763443361283 1.1551281809806824 1
1763443364475 0.5505654215812683 2
1763443367500 0.3024764657020569 3
1763443370557 0.19389304518699646 4
1763443373872 0.11173132061958313 5
1763443377284 0.08712027594447136 6
1763443380329 0.06886713579297066 7
1763443383480 0.051674164831638336 8
1763443386671 0.04548720270395279 9
1763443389681 0.04355239495635033 10
1763443392905 0.03650868311524391 11
1763443396098 0.03146765008568764 12
1763443399093 0.02924382407218218 13
1763443402291 0.023382932879030704 14
1763443405338 0.02468348667025566 15
1763443408580 0.017284787259995937 16
1763443411721 0.019987559877336025 17
1763443414715 0.018113018944859505 18
1763443417884 0.01438689325004816 19
1763443420915 0.011964728124439716 20
1763443424308 0.01143653318285942 21
1763443427379 0.012547820806503296 22
1763443430676 0.011586954351514578 23
1763443433740 0.01125371316447854 24
1763443436892 0.009589641354978085 25
1763443440165 0.00935323629528284 26
1763443443491 0.009594201110303402 27
1763443446528 0.007020486053079367 28
1763443449712 0.006512255407869816 29
1763443452739 0.007067161845043302 30
1763443456112 0.008245724719017744 31
1763443459282 0.006264591822400689 32
1763443462301 0.006665415596216917 33
1763443465477 0.006078239995986223 34
1763443468512 0.0052971558179706335 35
1763443471886 0.004861130146309733 36
1763443474925 0.006285928655415773 37
1763443478081 0.0050875237211585045 38
1763443481149 0.004971689311787486 39
1763443484287 0.004924052627757192 40
1763443487681 0.004522636765614152 41
1763443490759 0.004397258162498474 42
1763443494088 0.004283195827156305 43
1763443497164 0.003976537846028805 44
1763443500262 0.004372586030513048 45
1763443503694 0.0030880537815392017 46
1763443506763 0.003957994980737567 47
1763443509881 0.0037254391936585307 48
1763443512948 0.0034268872113898396 49
