1763443357884 0.5699416249990463 0
1763443361287 0.6005330979824066 1
1763443364479 0.357832208275795 2
1763443367503 0.21043653041124344 3
1763443370561 0.13653361797332764 4
1763443373875 0.08287645503878593 5
1763443377288 0.06829374842345715 6
1763443380332 0.055312808603048325 7
1763443383483 0.04020429588854313 8
1763443386675 0.03748268075287342 9
1763443389685 0.03588629141449928 10
1763443392908 0.028972307220101357 11
1763443396102 0.025721155107021332 12
1763443399097 0.023969068191945553 13
1763443402296 0.01820581965148449 14
1763443405342 0.020393818616867065 15
1763443408584 0.01364079350605607 16
1763443411724 0.01656754594296217 17
1763443414718 0.01491554081439972 18
1763443417887 0.0119001897983253 19
1763443420919 0.009662853553891182 20
1763443424311 0.009426733013242483 21
1763443427383 0.010464807506650686 22
1763443430679 0.009615964256227016 23
1763443433743 0.009409626014530659 24
1763443436896 0.007654875051230192 25
1763443440169 0.0075935376808047295 26
1763443443494 0.007802582578733563 27
1763443446532 0.005637847352772951 28
1763443449715 0.00520987412892282 29
1763443452742 0.005717075429856777 30
1763443456115 0.0069992817007005215 31
1763443459284 0.004971406888216734 32
1763443462304 0.00552528677508235 33
1763443465481 0.004926827736198902 34
1763443468516 0.0044128859881311655 35
1763443471890 0.0039032073691487312 36
1763443474928 0.005419319495558739 37
1763443478085 0.004189477418549359 38
1763443481152 0.004145199898630381 39
1763443484291 0.00398515909910202 40
1763443487685 0.003769129514694214 41
1763443490763 0.0035548245068639517 42
1763443494091 0.0034778235713019967 43
1763443497168 0.003281033132225275 44
1763443500266 0.0037200433434918523 45
1763443503698 0.0023754059802740812 46
1763443506768 0.0032651396468281746 47
1763443509884 0.003167891874909401 48
1763443512952 0.002786097233183682 49
