1763443357883 0.7146230936050415 0
1763443361286 0.9765794575214386 1
1763443364477 0.9734331369400024 2
1763443367502 0.9656520485877991 3
1763443370559 0.9667761027812958 4
1763443373873 0.9794248342514038 5
1763443377285 0.9879024624824524 6
1763443380331 0.9906957149505615 7
1763443383481 0.9914310276508331 8
1763443386672 0.9937639534473419 9
1763443389683 0.9945992231369019 10
1763443392907 0.9936708807945251 11
1763443396101 0.995173305273056 12
1763443399095 0.995589405298233 13
1763443402294 0.9953010082244873 14
1763443405341 0.9964609742164612 15
1763443408582 0.9965965747833252 16
1763443411723 0.997168630361557 17
1763443414716 0.9974642693996429 18
1763443417886 0.997719943523407 19
1763443420918 0.9978643655776978 20
1763443424309 0.9981064796447754 21
1763443427381 0.9980666935443878 22
1763443430677 0.9981488585472107 23
1763443433742 0.9983410239219666 24
1763443436895 0.9981590211391449 25
1763443440167 0.9983159601688385 26
1763443443492 0.9982874691486359 27
1763443446530 0.9986587166786194 28
1763443449714 0.9987292289733887 29
1763443452741 0.9986910223960876 30
1763443456114 0.9989050328731537 31
1763443459283 0.998739629983902 32
1763443462302 0.9989015758037567 33
1763443465479 0.9988894164562225 34
1763443468514 0.9991552233695984 35
1763443471888 0.9990605711936951 36
1763443474927 0.999176025390625 37
1763443478083 0.9991350769996643 38
1763443481150 0.999194860458374 39
1763443484289 0.9990842938423157 40
1763443487683 0.9992643296718597 41
1763443490761 0.9991793930530548 42
1763443494090 0.9992119371891022 43
1763443497166 0.9993188977241516 44
1763443500264 0.9993767738342285 45
1763443503697 0.999294102191925 46
1763443506765 0.9993246495723724 47
1763443509882 0.9994657039642334 48
1763443512950 0.9993712306022644 49
