1763443357886 0.6776743233203888 0
1763443361289 0.9628056287765503 1
1763443364481 0.9483424723148346 2
1763443367505 0.9666617810726166 3
1763443370563 0.9841826856136322 4
1763443373877 0.9880093634128571 5
1763443377289 0.989789754152298 6
1763443380335 0.9907394647598267 7
1763443383485 0.9939708113670349 8
1763443386676 0.9949057698249817 9
1763443389686 0.9946016073226929 10
1763443392910 0.9952546656131744 11
1763443396104 0.9961064159870148 12
1763443399099 0.9955982267856598 13
1763443402297 0.9964416921138763 14
1763443405344 0.9963934123516083 15
1763443408586 0.9975500106811523 16
1763443411726 0.9973536729812622 17
1763443414720 0.9976424872875214 18
1763443417889 0.9976152777671814 19
1763443420921 0.9978592991828918 20
1763443424312 0.9978418946266174 21
1763443427385 0.9981259107589722 22
1763443430682 0.9984253644943237 23
1763443433745 0.9983756244182587 24
1763443436899 0.9985537528991699 25
1763443440171 0.9985155463218689 26
1763443443496 0.9985855221748352 27
1763443446534 0.9985734820365906 28
1763443449717 0.9988007545471191 29
1763443452744 0.9987846910953522 30
1763443456117 0.9990213215351105 31
1763443459286 0.9989948570728302 32
1763443462306 0.9989353120326996 33
1763443465483 0.9988849461078644 34
1763443468518 0.9989991188049316 35
1763443471892 0.9991491436958313 36
1763443474931 0.9992087781429291 37
1763443478086 0.9991568922996521 38
1763443481154 0.9992059767246246 39
1763443484293 0.9991191923618317 40
1763443487687 0.9991983473300934 41
1763443490765 0.9992029368877411 42
1763443494094 0.9992552399635315 43
1763443497170 0.9992795288562775 44
1763443500267 0.9993568956851959 45
1763443503700 0.9992468953132629 46
1763443506769 0.9993914067745209 47
1763443509886 0.999345988035202 48
1763443512954 0.9993742406368256 49
