1763443357879 0.5264934971928596 0
1763443361282 0.03893601894378662 1
1763443364473 0.05502617545425892 2
1763443367498 0.03455616906285286 3
1763443370555 0.016082086134701967 4
1763443373870 0.012125244364142418 5
1763443377281 0.010346339549869299 6
1763443380327 0.009361472446471453 7
1763443383478 0.006062792148441076 8
1763443386669 0.005118700210005045 9
1763443389679 0.005425590323284268 10
1763443392903 0.004765622317790985 11
1763443396096 0.003906024037860334 12
1763443399091 0.004422131692990661 13
1763443402289 0.0035695163533091545 14
1763443405336 0.0036184011260047555 15
1763443408578 0.0024548674700781703 16
1763443411719 0.002652983064763248 17
1763443414713 0.0023625994799658656 18
1763443417882 0.0023902717512100935 19
1763443420913 0.0021446968894451857 20
1763443424306 0.0021624149521812797 21
1763443427377 0.0018770123715512455 22
1763443430674 0.0015769604942761362 23
1763443433738 0.0016268659383058548 24
1763443436890 0.0014480917598120868 25
1763443440162 0.0014865915291011333 26
1763443443489 0.0014162400620989501 27
1763443446526 0.001428374438546598 28
1763443449709 0.0012004260206595063 29
1763443452737 0.0012165321968495846 30
1763443456110 0.0009794983197934926 31
1763443459280 0.0010060497443191707 32
1763443462299 0.0010656789527274668 33
1763443465475 0.0011165582109242678 34
1763443468510 0.001001791242742911 35
1763443471884 0.0008514295041095465 36
1763443474923 0.0007917781476862729 37
1763443478079 0.0008437420183327049 38
1763443481146 0.0007945246761664748 39
1763443484285 0.0008814465836621821 40
1763443487679 0.0008022494148463011 41
1763443490757 0.0007975811895448714 42
1763443494086 0.0007452739228028804 43
1763443497162 0.0007209117175079882 44
1763443500260 0.0006434432580135763 45
1763443503692 0.0007536602206528187 46
1763443506761 0.0006088984373491257 47
1763443509878 0.0006544256175402552 48
1763443512946 0.000626100751105696 49
