1764461860803 12.228838400198864 0
1764461862514 16.077261731744958 1
1764461863996 8.672180252579542 2
1764461865454 13.977739400588549 3
1764461866893 6.817644194914744 4
1764461868368 6.533709803452859 5
1764461870159 6.816608500022155 6
1764461871604 6.052392941254836 7
1764461873056 6.858282537414477 8
1764461874510 12.195234679258787 9
1764461875948 6.153769534367782 10
1764461877740 5.945723409836109 11
1764461879196 6.108562625371492 12
1764461880663 6.2012267387830295 13
1764461882181 6.278985555355366 14
1764461883646 6.342261055341134 15
1764461885461 10.813466177536892 16
1764461886959 6.914360371919779 17
1764461888418 6.722465469286992 18
1764461889886 5.992147418741997 19
1764461891331 7.031506929260034 20
1764461893140 5.902290095646794 21
1764461894575 5.47844057988662 22
1764461896038 5.704572423146321 23
1764461897486 6.05480287453303 24
1764461898933 5.828358083390272 25
1764461900719 5.251049189040294 26
1764461902187 6.280892318257918 27
1764461903621 5.912703366520313 28
1764461905101 5.831104060778251 29
1764461906603 5.974734900089411 30
1764461908459 5.790707441190114 31
1764461909945 5.920478957203718 32
1764461911461 5.925883101729246 33
1764461912912 6.311919587807586 34
1764461914396 5.17438526566212 35
1764461916226 5.802232023041982 36
1764461917713 5.756631987599226 37
1764461919192 5.714124029645553 38
1764461920674 5.370180567869773 39
1764461922143 6.415150007949426 40
1764461923942 6.178862367685024 41
1764461925426 6.317446091713814 42
1764461926893 5.959428433042306 43
1764461928374 5.228852566618186 44
1764461929868 5.831286214865171 45
1764461931691 6.5318299840526794 46
1764461933188 6.028718215914873 47
1764461934655 5.762356783478306 48
1764461936138 5.627334670378612 49
1764461860803 12.228838400198864 0
