1764461860813 0.001428023728202883 0
1764461862525 0.005480252005858854 1
1764461864003 0.0029748154054147907 2
1764461865464 0.0018571776933129583 3
1764461866902 0.0031599025347424604 4
1764461868368 0.0034951365530875643 5
1764461870159 0.003408780286701951 6
1764461871620 0.0031526119597978883 7
1764461873056 0.0031416239098478595 8
1764461874510 0.0012759928308474777 9
1764461875966 0.0030077724641465954 10
1764461877740 0.0029801408423876497 11
1764461879210 0.0026307239088335056 12
1764461880679 0.0024355184241358074 13
1764461882181 0.0020305259595960914 14
1764461883662 0.0020079686126756803 15
1764461885461 0.007825748460115802 16
1764461886966 0.012784633605657627 17
1764461888418 0.015388904036142305 18
1764461889904 0.013758732750756033 19
1764461891331 0.018509290665432464 20
1764461893140 0.021423944506162695 21
1764461894593 0.017323180163667656 22
1764461896038 0.017662199284795843 23
1764461897493 0.017010890201272735 24
1764461898949 0.01728859936068057 25
1764461900735 0.01889855691486166 26
1764461902199 0.018321758448556727 27
1764461903632 0.019132566758573572 28
1764461905101 0.014184221525019107 29
1764461906613 0.02812582324791861 30
1764461908475 0.02259055255973039 31
1764461909963 0.01628417647644981 32
1764461911461 0.019172119203300805 33
1764461912912 0.02535394918147741 34
1764461914396 0.020282702193453243 35
1764461916226 0.020093985092177337 36
1764461917725 0.015579820086381736 37
1764461919208 0.012909488220448299 38
1764461920674 0.011689894291031613 39
1764461922143 0.016722016596063562 40
1764461923942 0.012725343730278218 41
1764461925426 0.02357386350668756 42
1764461926893 0.017417306643476165 43
1764461928389 0.011610124449921736 44
1764461929873 0.010668711588489433 45
1764461931691 0.019787655980492345 46
1764461933188 0.018062982852302692 47
1764461934655 0.013529848071738527 48
1764461936138 0.013546195994375244 49
1764461860813 0.001428023728202883 0
