1764461860811 0.0837476407026376 0
1764461862523 0.08015623734181751 1
1764461864001 0.053399352339388154 2
1764461865462 0.07608318577415493 3
1764461866902 0.03816253129408027 4
1764461868368 0.022641219827285397 5
1764461870159 0.01905309136655014 6
1764461871604 0.011165218869966619 7
1764461873056 0.013972298005970267 8
1764461874510 0.02891644229411639 9
1764461875964 0.01280508916918804 10
1764461877740 0.008448986468675476 11
1764461879210 0.0069058333140744185 12
1764461880663 0.005865071875492644 13
1764461882181 0.0041122225912449024 14
1764461883662 0.004039922520930234 15
1764461885461 0.06938444736261153 16
1764461886965 0.06399906784711143 17
1764461888418 0.06791381330289853 18
1764461889898 0.057064637840660376 19
1764461891331 0.06400919151821136 20
1764461893140 0.059817566220873766 21
1764461894591 0.05815282854622886 22
1764461896038 0.047750176222800124 23
1764461897486 0.046394447003562024 24
1764461898949 0.05122606248162298 25
1764461900735 0.038200677492708425 26
1764461902196 0.04890462852603587 27
1764461903630 0.05143993535413326 28
1764461905101 0.03797995080535307 29
1764461906603 0.05723084693838897 30
1764461908459 0.056781219858285735 31
1764461909961 0.047005739968973066 32
1764461911461 0.04747569930905357 33
1764461912912 0.06046950337177412 34
1764461914396 0.04655731734485668 35
1764461916226 0.05088112987527237 36
1764461917713 0.0403017711473928 37
1764461919208 0.03558968477479578 38
1764461920674 0.027032571550849892 39
1764461922143 0.035590753080860335 40
1764461923942 0.03805361178362268 41
1764461925426 0.052058666885168546 42
1764461926893 0.04152430578232961 43
1764461928389 0.026692742744741666 44
1764461929873 0.02700109998139711 45
1764461931691 0.043538416373064874 46
1764461933188 0.039873332183956424 47
1764461934655 0.0323761261826744 48
1764461936138 0.03333467793915088 49
1764461860811 0.0837476407026376 0
