1764461860803 0.43913626914541753 0
1764461862521 0.40840032305789886 1
1764461863999 0.19305438460672192 2
1764461865460 0.36852646241424314 3
1764461866899 0.09768341476760375 4
1764461868368 0.05518426662624384 5
1764461870159 0.047957037452691184 6
1764461871604 0.024297282612398982 7
1764461873056 0.04107157910028893 8
1764461874510 0.17236894357404137 9
1764461875948 0.028752948896278843 10
1764461877740 0.0178840134310751 11
1764461879210 0.015164109912383048 12
1764461880663 0.012667000720214743 13
1764461882181 0.0086861786067647 14
1764461883646 0.00883152279465531 15
1764461885461 0.5087459315109819 16
1764461886961 0.215005067497259 17
1764461888418 0.2531035859316874 18
1764461889898 0.1690996705303685 19
1764461891331 0.23738873014539982 20
1764461893140 0.2648526548067681 21
1764461894575 0.1803975162597803 22
1764461896038 0.14443697289635354 23
1764461897486 0.1443329381201273 24
1764461898949 0.22806820235564373 25
1764461900719 0.09349398678750731 26
1764461902194 0.16155236735134026 27
1764461903628 0.1782127799322972 28
1764461905101 0.09750890689722908 29
1764461906603 0.26095895947834763 30
1764461908459 0.20517764695194693 31
1764461909945 0.1403433531119775 32
1764461911461 0.2126051218880233 33
1764461912912 0.24886001452306608 34
1764461914396 0.14820829605629954 35
1764461916226 0.1512018351842506 36
1764461917713 0.1390321538111983 37
1764461919192 0.09612936554297519 38
1764461920674 0.06269179395614909 39
1764461922143 0.17288633378316612 40
1764461923942 0.11211332322608751 41
1764461925426 0.2840624174031501 42
1764461926893 0.1429849021134522 43
1764461928374 0.06354366350345887 44
1764461929868 0.06882972617929156 45
1764461931691 0.17814351687915264 46
1764461933188 0.14098402274808344 47
1764461934655 0.11094849124156798 48
1764461936138 0.08973413717467338 49
1764461860803 0.43913626914541753 0
