1764461860803 0.9367002883610229 0
1764461862523 0.9240392386012957 1
1764461864001 0.9434577769492395 2
1764461865462 0.9231482608100543 3
1764461866901 0.9602971002459526 4
1764461868368 0.9759765955118033 5
1764461870159 0.9799673391076235 6
1764461871604 0.9886253152329189 7
1764461873056 0.9845745056294478 8
1764461874510 0.9699441172460166 9
1764461875948 0.9866021100718242 10
1764461877740 0.9913323401258542 11
1764461879210 0.9926790188138301 12
1764461880663 0.9938127134854977 13
1764461882181 0.9956575672213848 14
1764461883646 0.9954733392940118 15
1764461885461 0.9305051598399027 16
1764461886963 0.9348208934355241 17
1764461888418 0.9309508497379004 18
1764461889898 0.9433568601424878 19
1764461891331 0.9349905838473485 20
1764461893140 0.9384494549247813 21
1764461894575 0.9430037885904312 22
1764461896038 0.9502781279958211 23
1764461897486 0.9528421364151515 24
1764461898949 0.9482381427302383 25
1764461900735 0.9610299190076498 26
1764461902196 0.9500433399986762 27
1764461903630 0.9483430814714386 28
1764461905101 0.961078649530044 29
1764461906603 0.9414752974139097 30
1764461908459 0.942061605433432 31
1764461909945 0.9523128150747373 32
1764461911461 0.9513266978857036 33
1764461912912 0.9384675470646471 34
1764461914396 0.9518795504879493 35
1764461916226 0.9505343591937652 36
1764461917713 0.9588987224090558 37
1764461919192 0.9634227619434779 38
1764461920674 0.9731827283707949 39
1764461922143 0.9628816701285989 40
1764461923942 0.9618183718277857 41
1764461925426 0.9458418917145125 42
1764461926893 0.9581706531417484 43
1764461928389 0.9728785862143223 44
1764461929873 0.9735342751328762 45
1764461931691 0.9550357737506812 46
1764461933188 0.9597659143977441 47
1764461934655 0.9668690904598827 48
1764461936138 0.966451100861797 49
1764461860803 0.9367002883610229 0
