1764450812526 0.787485808134079 0
1764450815910 0.999793142080307 1
1764450819026 0.9804447293281555 2
1764450822212 0.9822862446308136 3
1764450825312 0.9521151781082153 4
1764450828446 0.9986856579780579 5
1764450831799 0.9996945559978485 6
1764450834906 0.9997226297855377 7
1764450838063 0.9985693097114563 8
1764450841168 0.9999221563339233 9
1764450844264 0.9999609291553497 10
1764450847623 0.9999128580093384 11
1764450850709 0.9998806715011597 12
1764450853807 0.9999668002128601 13
1764450856883 0.9999366998672485 14
1764450859987 0.9999685287475586 15
1764450863359 0.9999524056911469 16
1764450866476 0.9999407827854156 17
1764450869557 0.9999084174633026 18
1764450872639 0.9999496936798096 19
1764450875697 0.9999740123748779 20
1764450879016 0.9999615550041199 21
1764450882158 0.9999671280384064 22
1764450885268 0.9998482763767242 23
1764450888431 0.9999852180480957 24
1764450812526 0.787485808134079 0
