1764450812531 0.5120890587568283 0
1764450815910 0.20361784100532532 1
1764450819026 0.057476390968076885 2
1764450822212 0.056473893113434315 3
1764450825314 0.14020916826222454 4
1764450828446 5.3708573534063254e-15 5
1764450831801 9.415597251970759e-18 6
1764450834908 1.800853903462825e-18 7
1764450838063 8.373514185698266e-19 8
1764450841168 8.958317437088302e-19 9
1764450844264 1.0790587634366497e-18 10
1764450847623 1.1477072579542497e-18 11
1764450850710 1.0155992246003831e-18 12
1764450853807 1.0887876482111921e-18 13
1764450856883 1.0095636495621016e-18 14
1764450859987 1.379235059709054e-18 15
1764450863359 1.1140352426084478e-18 16
1764450866476 1.1824667314622234e-18 17
1764450869557 2.6094180666979167e-18 18
1764450872639 1.9955859456860973e-18 19
1764450875697 1.596649092262172e-18 20
1764450879016 2.9047270254509057e-18 21
1764450882158 6.517152870067347e-19 22
1764450885268 3.0197169179195054e-18 23
1764450888431 2.2583969427258327e-18 24
1764450812531 0.5120890587568283 0
