1764450812531 1.2439588985557748e-06 0
1764450815912 5.276028506528974e-06 1
1764450819026 5.72109783547603e-07 2
1764450822214 1.2543832417222234e-06 3
1764450825315 6.535395317570892e-14 4
1764450828448 3.454714203499555e-17 5
1764450831802 2.791083731320754e-18 6
1764450834909 1.3280449875012098e-18 7
1764450838063 8.204558151187306e-19 8
1764450841168 8.925326630826332e-19 9
1764450844264 1.0794465560475722e-18 10
1764450847627 1.150747663693265e-18 11
1764450850711 1.0199703054510547e-18 12
1764450853809 1.0922572055917575e-18 13
1764450856883 1.0124899043765846e-18 14
1764450859987 1.3821647007941694e-18 15
1764450863361 1.1167385463984535e-18 16
1764450866476 1.1860470793460826e-18 17
1764450869559 2.618787024508422e-18 18
1764450872639 2.0030894044201424e-18 19
1764450875697 1.6008906159494025e-18 20
1764450879025 2.9135014471961385e-18 21
1764450882164 6.531381281332054e-19 22
1764450885268 3.0286783858807518e-18 23
1764450888434 2.2635283576558054e-18 24
1764450812531 1.2439588985557748e-06 0
