1764450812526 1.408534049987793 0
1764450815908 0.3341756956651807 1
1764450819026 0.13115280494093895 2
1764450822210 0.09128604829311371 3
1764450825302 0.3265130892395973 4
1764450828444 0.0013320475118234754 5
1764450831797 0.00030708386475453153 6
1764450834904 0.0002784697280731052 7
1764450838063 0.0016779860670794733 8
1764450841168 7.796220597811043e-05 9
1764450844264 3.910309351340402e-05 10
1764450847611 8.720398909645155e-05 11
1764450850707 0.0001196165285364259 12
1764450853805 3.325226816741633e-05 13
1764450856883 6.337178274407052e-05 14
1764450859986 3.151122928102268e-05 15
1764450863357 4.7585634092683904e-05 16
1764450866473 5.925791083427612e-05 17
1764450869555 9.173297257802915e-05 18
1764450872636 5.029040403314866e-05 19
1764450875697 2.5974346499424428e-05 20
1764450879016 3.85134007956367e-05 21
1764450882158 3.294775251561077e-05 22
1764450885268 0.00015345333486038726 23
1764450888429 1.4783394817641238e-05 24
1764450812526 1.408534049987793 0
