1764450812524 15.568291187286377 0
1764450815906 15.752580642700195 1
1764450819022 15.633988857269287 2
1764450822208 16.605029106140137 3
1764450825302 33.79371452331543 4
1764450828441 41.043718338012695 5
1764450831794 43.198429107666016 6
1764450834902 43.6964168548584 7
1764450838051 43.9882698059082 8
1764450841168 43.81563377380371 9
1764450844261 43.79819297790527 10
1764450847611 43.75909233093262 11
1764450850705 43.8048210144043 12
1764450853803 43.75480651855469 13
1764450856881 43.78351593017578 14
1764450859984 43.83211708068848 15
1764450863354 43.79601287841797 16
1764450866458 43.70909881591797 17
1764450869553 43.804710388183594 18
1764450872636 43.66473197937012 19
1764450875681 43.63620948791504 20
1764450879016 43.7060546875 21
1764450882158 43.99233818054199 22
1764450885268 43.75301551818848 23
1764450888426 43.78080940246582 24
1764450812524 15.568291187286377 0
